141079502	1392.3554621848739
141168885	1392.4563025210084
141258224	1392.4394957983193
141347586	1392.4378151260505
141436963	1392.4268907563026
141526315	1392.4151260504202
141615658	1392.3966386554623
141705056	1392.373949579832
141794403	1392.4268907563026
141883778	1392.3731092436974
141973093	1392.4193277310924
142062503	1392.466386554622
142151825	1392.3714285714286
142241220	1392.3605042016807
142330554	1392.410924369748
142419950	1392.357142857143
142509271	1392.4159663865546
142598655	1392.3798319327732
142688003	1392.278151260504
142777385	1392.3949579831933
142866719	1392.3705882352942
142956109	1392.4235294117648
143045447	1392.4235294117648
143135501	1392.4159663865546
143224175	1392.4378151260505
143315214	1392.4848739495799
143402897	1392.444537815126
143492236	1392.3529411764707
143581615	1392.2949579831932
143670963	1392.266386554622
143760350	1392.3680672268906
143849694	1392.4033613445379
143939065	1392.4260504201682
144028408	1392.3899159663865
144117793	1392.3638655462184
144207132	1392.381512605042
144296509	1392.38487394958
144385869	1392.363025210084
144475222	1392.418487394958
144564590	1392.473949579832
144653939	1392.4378151260505
144743354	1392.4470588235295
144832666	1392.4235294117648
144922064	1392.3689075630252
145011398	1392.6218487394958
145100778	1393.3932773109243
145190111	1394.0882352941176
145279508	1394.7613445378151
145368845	1395.5193277310923
145458223	1396.2621848739495
145547557	1396.8915966386555
145636930	1397.3159663865547
145726294	1398.0672268907563
145815674	1399.2151260504202
145905000	1400.270588235294
145994397	1401.301680672269
146083727	1402.270588235294
146173130	1403.281512605042
146262466	1404.2176470588236
146351855	1405.1966386554623
146441193	1406.2176470588236
146530579	1407.3806722689076
146619914	1408.4394957983193
146709303	1409.546218487395
146798628	1410.7495798319328
146888014	1411.9075630252103
146977345	1412.9495798319329
147066731	1414.1126050420169
147156083	1415.4705882352941
147245442	1416.6378151260503
147334786	1417.718487394958
147424191	1419.0168067226891
147513501	1420.2394957983195
147602907	1421.5134453781513
147692232	1422.8201680672269
147781627	1424.105882352941
147870948	1425.4159663865546
147960322	1426.7193277310926
148049681	1428.070588235294
148139073	1429.4016806722689
148228401	1430.6521008403363
148317800	1432.0638655462185
148407112	1433.4428571428573
148496510	1434.838655462185
148585847	1436.2420168067226
148675226	1437.5512605042015
148764580	1438.9529411764706
148853952	1440.4100840336134
148943303	1441.8352941176472
149032659	1443.2344537815127
149122016	1444.6252100840336
149211383	1446.0151260504201
149300743	1447.4521008403362
149390181	1448.8840336134454
149479457	1450.2260504201681
149570439	1451.755462184874
149658183	1453.1773109243697
149747531	1454.6327731092435
149836897	1456.1159663865546
149926260	1457.5403361344538
150015621	1458.9689075630251
150104976	1460.357142857143
150194337	1461.7058823529412
150283683	1463.127731092437
150373059	1464.536974789916
150462413	1465.9882352941177
150551799	1467.4823529411765
150641159	1468.9210084033614
150730519	1470.453781512605
150819883	1471.8495798319327
150909233	1473.2470588235294
150998610	1474.7193277310923
151087949	1476.257142857143
151177331	1477.7302521008403
151266662	1479.2050420168066
151356044	1480.6512605042017
151445399	1482.1159663865546
151534763	1483.4848739495799
151624105	1485.0210084033613
151713506	1486.4235294117648
151802818	1487.936974789916
151892201	1489.4571428571428
151981536	1490.9176470588236
152070938	1492.4176470588236
152160239	1493.8142857142857
152249638	1495.2764705882353
152338990	1496.864705882353
152428365	1498.3857142857144
152517694	1499.818487394958
152607080	1501.3117647058823
152696428	1502.8142857142857
152785808	1504.3193277310925
152875133	1505.8243697478993
152964526	1507.301680672269
153053877	1508.801680672269
153143251	1510.318487394958
153232597	1511.790756302521
153321991	1513.19243697479
153411318	1514.616806722689
153500706	1516.1294117647058
153590051	1517.5210084033613
153679415	1519.0319327731092
153768773	1520.6403361344537
153858131	1522.0865546218488
153947479	1523.6302521008404
154036863	1525.1991596638657
154126268	1526.7008403361344
154215588	1528.1966386554623
154304908	1529.720168067227
154394308	1531.2159663865546
154483625	1532.7512605042016
154573006	1534.4403361344537
154662354	1535.8579831932773
154751717	1537.3596638655463
154841069	1538.9689075630254
154930449	1540.481512605042
155019803	1541.9882352941177
155109170	1543.5025210084034
155198502	1544.946218487395
155287908	1546.310924369748
155377249	1547.7756302521009
155466615	1549.3302521008404
155555964	1550.8915966386555
155645353	1552.5386554621848
155734694	1554.018487394958
155825457	1555.4512605042019
155913422	1556.918487394958
156002781	1558.3655462184875
156092163	1559.8781512605044
156181519	1561.4579831932774
156270895	1562.8697478991596
156360233	1564.373949579832
156449601	1565.8310924369748
156538967	1567.1697478991598
156628349	1568.5487394957984
156717696	1570.0663865546219
156807048	1571.555462184874
156896438	1572.9689075630254
156985770	1574.3890756302521
157075140	1575.820168067227
157164506	1577.2394957983192
157253898	1578.6436974789917
157343241	1579.99243697479
157432622	1581.4344537815125
157521953	1582.8739495798318
157611328	1584.2369747899158
157700662	1585.7302521008403
157790074	1587.1731092436976
157879411	1588.4806722689075
157968785	1589.926050420168
158058125	1591.2957983193278
158147513	1592.5680672268907
158236858	1594.0596638655463
158326220	1595.5
158415555	1596.8420168067228
158504956	1598.1142857142859
158594275	1599.5025210084034
158683661	1600.809243697479
158772989	1602.0941176470587
158862526	1603.3823529411766
158951712	1604.7621848739495
159041105	1606.064705882353
159130448	1607.370588235294
159219829	1608.8268907563024
159309161	1610.0361344537814
159398556	1611.2243697478991
159487890	1612.6319327731092
159577280	1613.8201680672269
159666618	1615.0336134453783
159755998	1616.3344537815128
159845327	1617.664705882353
159934738	1618.8193277310925
160024064	1620.0310924369749
160113459	1621.2563025210086
160202787	1622.3411764705884
160292177	1623.5512605042018
160381520	1624.7991596638656
160470917	1626.0344537815126
160560245	1627.2470588235294
160649631	1628.357142857143
160738982	1629.5403361344538
160828350	1630.6571428571428
160917700	1631.916806722689
161007098	1633.0621848739497
161096433	1634.155462184874
161185806	1635.3756302521008
161275134	1636.5268907563027
161364523	1637.646218487395
161453873	1638.8394957983194
161543256	1639.9823529411765
161632590	1641.057142857143
161721981	1642.2033613445378
161811333	1643.4218487394958
161900702	1644.5714285714287
161990046	1645.738655462185
162079403	1646.8302521008404
162168761	1647.872268907563
162259812	1648.9126050420168
162656150	1654.0747899159664
162745497	1655.0689075630253
162834886	1656.0949579831934
162924240	1657.2747899159663
163013633	1658.3411764705882
163102960	1659.3588235294117
163192373	1660.3092436974791
163281699	1661.4025210084033
163371078	1662.5302521008405
163460436	1663.6025210084033
163549814	1664.6243697478992
163639160	1665.664705882353
163728546	1666.5739495798318
163817889	1667.5991596638655
163907281	1668.601680672269
163996609	1669.60756302521
164086007	1670.6252100840338
164175349	1671.5806722689076
164264725	1672.5487394957984
164354065	1673.4747899159663
164443451	1674.3445378151262
164532779	1675.1823529411765
164622310	1676.1949579831933
164711511	1677.1689075630252
164800884	1678.0882352941176
164890245	1679.0226890756303
164979643	1679.9142857142856
165068969	1680.8361344537816
165158361	1681.7495798319328
165247707	1682.6134453781513
165337100	1683.4882352941177
165426430	1684.3151260504203
165515811	1685.116806722689
165605156	1685.9268907563026
165694548	1686.794117647059
165783891	1687.6655462184874
165873277	1688.4873949579833
165962609	1689.1932773109245
166052003	1689.9840336134453
166141346	1690.772268907563
166230729	1691.5756302521008
166320076	1692.2848739495798
166409460	1693.0554621848742
166498805	1693.7932773109244
166588184	1694.4319327731093
166677532	1695.1193277310924
166766922	1695.8403361344538
166856242	1696.5495798319328
166945632	1697.29243697479
167034979	1697.9394957983193
167124369	1698.5512605042018
167213711	1699.1697478991596
167303102	1699.7991596638656
167392431	1700.326050420168
167481824	1700.755462184874
167571165	1701.314285714286
167660557	1701.864705882353
167749889	1702.2949579831934
167840238	1702.8915966386555
167928630	1703.266386554622
168017986	1703.5647058823529
168107369	1703.9327731092437
168196704	1704.3470588235296
168286084	1704.6857142857143
168375441	1704.9134453781512
168464815	1705.1798319327731
168554169	1705.4142857142858
168643539	1705.6302521008404
168732882	1705.8
168822268	1706.0689075630253
168911613	1706.298319327731
169000990	1706.5697478991597
169090344	1706.790756302521
169179698	1706.9336134453781
169269067	1707.0731092436974
169358507	1707.318487394958
169756363	1707.8840336134454