24471745	1357.5823529411764
24561270	1357.557142857143
24650753	1357.601680672269
24740297	1357.5453781512606
24829779	1357.533613445378
24919310	1357.533613445378
25008802	1357.5983193277311
25098317	1357.627731092437
25187807	1357.5621848739497
25277332	1357.5436974789916
25366817	1357.5386554621848
25456358	1357.5151260504201
25545823	1357.5361344537816
25635370	1357.521848739496
25724835	1357.5168067226891
25814384	1357.5882352941176
25903872	1357.5504201680671
25993390	1357.521848739496
26082877	1357.5697478991597
26172380	1357.4957983193278
26261882	1357.4957983193278
26351415	1357.5747899159662
26440887	1357.561344537815
26530429	1357.4823529411765
26619896	1357.418487394958
26709440	1357.475630252101
26798904	1357.4806722689077
26888443	1357.5537815126052
26977918	1357.6142857142856
27067452	1357.5747899159662
27156918	1357.5168067226891
27246448	1357.5747899159662
27335937	1357.5638655462185
27425470	1357.5436974789916
27514952	1357.5966386554621
27604490	1357.5319327731092
27693968	1357.5058823529412
27783492	1357.5436974789916
27872983	1357.5806722689076
27962518	1357.5663865546219
28051996	1357.5932773109243
28141542	1357.5672268907565
28231009	1357.5747899159662
28320527	1357.6252100840336
28410028	1357.5689075630253
28499541	1357.546218487395
28589040	1357.5546218487395
28678573	1357.6243697478992
28768048	1357.846218487395
28857548	1358.0705882352943
28947071	1358.2882352941176
29036581	1358.3672268907565
29126052	1358.5159663865547
29215663	1358.9689075630251
29305078	1359.2873949579832
29395662	1359.546218487395
29484078	1359.8378151260506
29575279	1360.4042016806723
29972020	1361.7924369747898
30061515	1362.1815126050421
30151019	1362.5638655462185
30240517	1362.8512605042017
30330049	1363.2378151260505
30419531	1363.4915966386554
30509069	1363.8655462184875
30598547	1364.1025210084033
30688066	1364.6327731092438
30777559	1365.0294117647059
30867090	1365.4201680672268
30956557	1365.731092436975
31046107	1366.1201680672268
31135575	1366.4411764705883
31225105	1366.7798319327733
31314580	1367.3789915966388
31404124	1367.698319327731
31493598	1367.920168067227
31583131	1368.3092436974791
31672612	1368.9949579831934
31762144	1369.4714285714285
31851619	1369.863025210084
31941144	1370.2252100840335
32030608	1370.6983193277313
32120156	1370.8638655462184
32209638	1371.1840336134455
32299155	1371.5756302521008
32388635	1371.8243697478993
32478167	1372.181512605042
32567652	1372.6159663865546
32657168	1373.1033613445377
32746656	1373.3848739495797
32836177	1373.70756302521
32925663	1374.0226890756303
33015202	1374.6218487394958
33104679	1375.410924369748
33194222	1375.9747899159665
33283678	1376.338655462185
33373227	1376.8210084033612
33462714	1377.2638655462185
33552237	1377.5949579831934
33641697	1377.9478991596638
33731241	1378.4487394957985
33820730	1379.0655462184875
33910249	1379.5899159663866
33999736	1380.1243697478992
34089270	1380.5411764705882
34178742	1380.9042016806723
34268280	1381.335294117647
34357768	1381.7831932773108
34447263	1382.3823529411766
34536775	1382.8218487394959
34626301	1383.1747899159664
34715763	1383.5655462184875
34805314	1384.044537815126
34894891	1432.4285714285713
35292904	1386.7050420168068
35382419	1387.2579831932774
35471945	1387.6210084033614
35561439	1387.9638655462184
35650953	1388.4823529411765
35740450	1388.8932773109243
35830474	1389.373949579832
35919452	1389.7764705882353
36010636	1390.198319327731
36098459	1390.6159663865546
36187968	1391.0168067226891
36277470	1391.3487394957983
36366958	1391.718487394958
36456473	1392.2369747899158
36545973	1392.6957983193277
36635467	1393.0117647058823
36724957	1393.409243697479
36814494	1393.8815126050422
36903976	1394.2882352941176
36993481	1394.663025210084
37082984	1395.061344537815
37172511	1395.3873949579831
37262024	1395.7058823529412
37351506	1396.0831932773108
37441007	1396.438655462185
37530505	1396.664705882353
37620034	1397.0050420168068
37709512	1397.4025210084035
37799052	1397.826050420168
37888524	1398.0873949579832
37978047	1398.4352941176471
38067515	1398.7932773109244
38157069	1399.1176470588236
38246534	1399.418487394958
38336042	1399.664705882353
38425532	1399.9521008403362
38515067	1400.3243697478993
38604541	1400.6714285714286
38694056	1400.829411764706
38783553	1401.18487394958
38873084	1401.427731092437
38962548	1401.7840336134454
39052081	1402.1235294117648
39141563	1402.3336134453782
39231069	1402.6176470588236
39320563	1402.9529411764706
39410082	1403.3008403361346
39499561	1403.5436974789916
39589085	1403.9126050420168
39678567	1404.2117647058824
39768101	1404.5252100840337
39857580	1404.9621848739496
39947097	1405.2764705882353
40036593	1405.6109243697479
40126113	1405.9193277310926
40215605	1406.301680672269
40305130	1406.6932773109243
40394588	1407.0764705882355
40484122	1407.5386554621848
40573606	1407.898319327731
40663124	1408.3235294117646
40752613	1408.729411764706
40842115	1409.126050420168
40931608	1409.4974789915966
41021135	1409.8915966386555
41110596	1410.4109243697478
41200128	1410.8428571428572
41289605	1411.2487394957984
41379134	1411.7016806722688
41468613	1412.1840336134453
41558148	1412.5521008403362
41647617	1413.0285714285715
41737130	1413.3773109243698
41826623	1413.736974789916
41916120	1414.2521008403362
42005636	1414.7487394957982
42095151	1415.1840336134453
42184626	1415.5983193277311
42274165	1415.955462184874
42363636	1416.39243697479
42453161	1416.8336134453782
42542633	1417.220168067227
42632157	1417.710924369748
42721639	1418.1924369747899
42811145	1418.6319327731094
42900637	1418.9689075630254
42990155	1419.3302521008402
43079629	1419.7957983193278
43169178	1420.1605042016806
43258636	1420.4731092436975
43348165	1420.898319327731
43437652	1421.3226890756303
43527158	1421.7512605042018
43616652	1422.1521008403363
43706169	1422.444537815126
43795661	1422.7151260504202
43885578	1423.0050420168068
43974671	1423.426050420168
44065605	1423.8319327731092
44153661	1424.198319327731
44243346	1424.524369747899
44332670	1424.838655462185
44422149	1425.1344537815128
44511669	1425.3714285714286
44601146	1425.7025210084034
44690674	1426.0058823529412
44780152	1426.2899159663866
44869662	1426.553781512605
44959176	1426.8806722689076
45048677	1427.1823529411765
45138164	1427.4865546218489
45227690	1427.7840336134454
45317158	1428.1159663865546
45406658	1428.4050420168066
45496168	1428.6529411764707
45585665	1428.9327731092437
45675171	1429.3008403361343
45764661	1429.5966386554621
45854173	1429.8932773109245
45943665	1430.163025210084
46033197	1430.4092436974788
46122667	1430.763025210084
46212204	1431.0663865546219
46301667	1431.3033613445377
46391196	1431.627731092437
46480664	1432.020168067227
46570204	1432.3621848739497
46659648	1432.6310924369748
46749188	1432.8907563025211
46838663	1433.233613445378
46928198	1433.6638655462184
47017665	1433.8999999999999
47107189	1434.2168067226892
47196674	1434.6462184873951
47286191	1434.9941176470588
47375677	1435.2857142857142
47465197	1435.5756302521008
47554674	1435.8453781512605
47644212	1436.1445378151261
47733669	1436.4974789915966
47823219	1436.7949579831934
47912684	1437.046218487395
48002206	1437.3487394957983
48091674	1437.7605042016808
48181215	1438.0714285714287
48270779	1438.383193277311
48360211	1438.570588235294
48449683	1438.829411764706
48539225	1439.2504201680674
48628706	1439.5252100840337
48718391	1439.7126050420168
48807704	1440.0386554621848
48897219	1440.3352941176472
48986705	1440.5764705882355
49076198	1440.8470588235293
49165824	1441.024369747899
49255242	1441.3210084033615
49344713	1441.7218487394957
49434243	1441.9957983193276
49523719	1442.268907563025
49613229	1442.4596638655462
49702719	1442.7042016806722
49792242	1443
49881710	1443.2521008403362
49971244	1443.5823529411766
50060730	1443.7655462184873
50150233	1444.0285714285715
50239725	1444.327731092437
50329253	1444.6134453781513
50418731	1444.8327731092438
50508250	1445.1067226890755
50597748	1445.3142857142857
50687263	1445.618487394958
50776735	1445.9394957983193
50866250	1446.1319327731092
50955732	1446.3915966386553
51045259	1446.6655462184874
51134720	1446.9235294117648
51224269	1447.0957983193277
51313747	1447.3663865546218
51403239	1447.663025210084
51492743	1447.8991596638655
51582257	1448.210924369748
51671732	1448.4915966386554
51761267	1448.7546218487396
51850744	1449.1319327731094
51940570	1449.4084033613447
52029742	1449.6134453781513
52120539	1449.9983193277312
52208737	1450.175630252101
52299931	1450.4436974789917
52696899	1451.8378151260504
52786408	1452.258823529412
52875925	1452.5294117647059
52965404	1452.8193277310925
53054912	1453.1672268907564
53144404	1453.555462184874
53233935	1453.838655462185
53323424	1454.1613445378152
53412957	1454.4714285714285
53502438	1454.7789915966387
53591963	1455.120168067227
53681420	1455.4512605042019
53770954	1455.7302521008403
53860443	1456.0319327731092
53949961	1456.4126050420168
54039439	1456.686554621849
54128973	1456.9789915966387
54218448	1457.290756302521
54307972	1457.5453781512606
54397442	1457.8672268907565
54486992	1458.1621848739496
54576470	1458.3420168067225
54665997	1458.620168067227
54755472	1458.9159663865546
54845007	1459.2932773109244
54934472	1459.6394957983193
55024010	1459.8210084033612
55113478	1460.0294117647059
55203013	1460.335294117647
55292493	1460.5882352941176
55382030	1460.8394957983191
55471499	1461.0672268907563
55561003	1461.2579831932774
55650520	1461.5453781512606
55740026	1461.8605042016807
55829509	1462.0949579831934
55919049	1462.347899159664
56008536	1462.6193277310924
56098065	1462.8512605042017
56187542	1463.0798319327732
56277067	1463.2420168067226
56366548	1463.463025210084
56456087	1463.6865546218487
56545544	1463.955462184874
56635080	1464.18487394958
56724566	1464.4
56814096	1464.5823529411766
56903566	1464.779831932773
56993104	1465.072268907563
57082576	1465.1436974789915
57172104	1465.346218487395
57261572	1465.5697478991597
57351111	1465.7983193277312
57440587	1465.9260504201682
57530127	1466.1252100840336
57619598	1466.233613445378
57709140	1466.4
57798621	1466.5789915966386
57888152	1466.8008403361343
57977621	1466.9235294117645
58067157	1467.0529411764705
58156640	1467.2268907563025
58246163	1467.5042016806722
58335634	1467.6529411764707
58425177	1467.710924369748
58514646	1467.838655462185
58604175	1468.0142857142857
58693656	1468.1336134453782
58783179	1468.3890756302521
58872657	1468.6025210084033
58962198	1468.7159663865546
59051676	1468.8789915966386
59141206	1468.9680672268908
59230673	1469.163025210084
59320494	1469.255462184874
59409702	1469.361344537815
59500543	1469.5865546218488
59588693	1469.7823529411764
59679422	1469.9109243697478
59767697	1470.0428571428572
59857214	1470.1747899159664
59946723	1470.3142857142857
60036225	1470.5487394957984
60125724	1470.801680672269
60215229	1470.8781512605042
60304732	1471.0394957983194
60394245	1471.1865546218487
60483762	1471.464705882353
60573254	1471.7
60662768	1471.881512605042
60752270	1472.1453781512605
60841760	1472.3394957983194
60931262	1472.5638655462185
61020777	1472.7378151260505
61110268	1472.9848739495799
61199768	1473.3176470588237
61289287	1473.6042016806723
61378783	1473.909243697479
61468304	1474.2613445378151
61557794	1474.521848739496
61647324	1474.7268907563025
61736808	1474.990756302521
61826331	1475.3243697478993
61915804	1475.6487394957983
62005344	1475.9915966386554
62094940	1513.2983193277312
62493032	1477.8411764705884
62582530	1478.0689075630253
62672079	1478.372268907563
62761562	1478.735294117647
62851086	1479.038655462185
62940588	1479.418487394958
63030117	1479.7899159663866
63119583	1480.018487394958
63209130	1480.3957983193277
63298611	1480.7277310924371
63388142	1480.9487394957982
63477619	1481.2100840336136
63567156	1481.5
63656629	1481.7663865546217
63746175	1482.103361344538
63835647	1482.363025210084
63925169	1482.5605042016807
64014663	1482.846218487395
64104187	1483.1403361344537
64193666	1483.409243697479
64283198	1483.5966386554621
64372673	1483.7151260504202
64462209	1484
64551697	1484.350420168067
64641210	1484.557142857143
64730697	1484.7151260504202
64820230	1484.9159663865546
64909699	1485.090756302521
64999243	1485.3134453781513
65088702	1485.527731092437
65178237	1485.7563025210084
65267719	1485.8672268907562
65357250	1486.0361344537816
65446727	1486.2436974789916
65536253	1486.533613445378
65625722	1486.7260504201681
65715244	1486.847899159664
65804727	1486.9109243697478
65894244	1486.9764705882353
65983735	1487.2235294117647
66073258	1487.4848739495799
66162737	1487.6235294117646
66252257	1487.6949579831933
66341733	1487.835294117647
66431271	1488.0369747899158
66520745	1488.1823529411763
66610274	1488.2857142857142
66699738	1488.4252100840338
66790478	1488.5436974789916
66878736	1488.6067226890757
66969900	1488.7781512605043
67057763	1488.9336134453781
67147270	1488.9546218487394
67236771	1489.0184873949581
67326255	1489.2159663865546
67415763	1489.264705882353
67505274	1489.3756302521008
67594782	1489.463025210084
67684269	1489.5411764705884
67773785	1489.649579831933
67863270	1489.755462184874
67952796	1489.8663865546218
68042281	1489.918487394958
68131777	1489.9714285714285
68221277	1490.0504201680674
68310792	1490.2
68400302	1490.2957983193278
68489778	1490.3529411764705
68579301	1490.455462184874
68668799	1490.647899159664
68758328	1490.7487394957984
68847794	1490.8067226890755
68937321	1490.9848739495799
69026806	1491.027731092437
69116317	1491.1142857142856
69205803	1491.3100840336135
69295319	1491.4394957983195
69384804	1491.5932773109246
69474333	1491.744537815126
69563816	1491.8764705882354
69653337	1492.0663865546219
69742810	1492.2008403361344
69832345	1492.3663865546218
69921817	1492.563025210084
70011342	1492.7974789915968
70100817	1492.9638655462184
70190335	1493.09243697479
70279809	1493.3176470588235
70369344	1493.5453781512606
70458827	1493.764705882353
70548347	1493.953781512605
70637812	1494.2327731092437
70727347	1494.464705882353
70816835	1494.636974789916
70906354	1494.7949579831934
70995854	1494.9764705882353
71085362	1495.2109243697478
71174856	1495.4075630252103
71264377	1495.6857142857143
71353860	1495.9016806722689
71443389	1496.120168067227
71532865	1496.3857142857144
71622391	1496.6773109243697
71711876	1496.8991596638655
71801416	1497.147899159664
71890890	1497.3285714285714
71980415	1497.4789915966387
72069893	1497.7268907563025
72159420	1498.0134453781513
72248893	1498.1529411764704
72338423	1498.3092436974791
72427896	1498.4899159663867
72517413	1498.6899159663867
72606892	1498.8756302521008
72696424	1499.0142857142857
72785888	1499.2050420168068
72875407	1499.4100840336134
72964881	1499.4924369747898
73054417	1499.7420168067226
73143866	1499.8554621848739
73233416	1500.0134453781513
73322893	1500.1773109243697
73412407	1500.2638655462185
73501867	1500.39243697479
73591414	1500.573949579832
73680888	1500.663025210084
73770398	1500.8512605042017
73859868	1501.061344537815
73949409	1501.1453781512605
74038874	1501.270588235294
74128393	1501.444537815126
74217882	1501.6361344537816
74307407	1501.70756302521
74396871	1501.7386554621849
74486399	1501.9361344537815
74575884	1502.0605042016807
74665449	1502.1361344537816
74754872	1502.1882352941177
74845463	1502.2621848739495
74933872	1502.344537815126
75024634	1502.5579831932773
75421793	1502.9319327731093
75511285	1502.9924369747898
75600803	1503.1789915966385
75690289	1503.316806722689
75779800	1503.4823529411765
75869280	1503.518487394958
75958814	1503.6134453781513
76048286	1503.727731092437
76137825	1503.8084033613445
76227287	1503.9033613445379
76316837	1504.035294117647
76406303	1504.1655462184874
76495813	1504.1806722689075
76585316	1504.2806722689077
76674824	1504.3647058823528
76764300	1504.390756302521
76853844	1504.4226890756302
76943301	1504.5436974789916
77032823	1504.5991596638655
77122299	1504.6991596638657
77211831	1504.7504201680672
77301289	1504.820168067227
77390970	1504.8991596638655
77480284	1504.9596638655462
77569823	1505.0050420168066
77659297	1505.1403361344537
77748807	1505.2386554621849
77838358	1505.2873949579832
77927786	1505.3823529411766
78017308	1505.4478991596638
78106824	1505.5579831932773
78196286	1505.6033613445377
78285958	1505.7789915966387
78375281	1505.8487394957983
78464818	1505.8672268907562
78554289	1505.7983193277312
78643807	1505.9193277310926
78733280	1506.0882352941176
78822815	1506.1159663865546
78912282	1506.233613445378
79001806	1506.3563025210085
79091297	1506.4882352941177
79180817	1506.5915966386556
79270307	1506.6781512605041
79359823	1506.8731092436976
79449308	1506.9722689075631
79538841	1506.9915966386554
79628322	1507.055462184874
79717831	1507.2991596638656
79807325	1507.4260504201682
79896851	1507.481512605042
79986327	1507.555462184874
80075848	1507.6159663865546
80165317	1507.7915966386554
80254840	1507.931092436975
80344330	1508.1210084033614
80433859	1508.2243697478991
80523331	1508.3193277310925
80612857	1508.427731092437
80702322	1508.5714285714287
80791846	1508.675630252101
80881323	1508.8008403361343
80970854	1508.9226890756302
81060331	1509.0252100840337
81149858	1509.198319327731
81239341	1509.3596638655463
81328860	1509.5672268907563
81418323	1509.7697478991597
81507870	1509.8504201680673
81597344	1510.0848739495798
81686861	1510.3008403361346
81776341	1510.4050420168069
81865860	1510.4605042016808
81955343	1510.5983193277311
82045435	1510.8453781512605
82134341	1510.998319327731
82225407	1511.142857142857
82313354	1511.346218487395
82402862	1511.5411764705882
82492351	1511.7453781512606
82581845	1511.8647058823528
82671362	1511.9285714285713
82760852	1511.9865546218487
82850354	1512.1554621848738
82939868	1512.381512605042
83029369	1512.5655462184875
83118861	1512.768907563025
83208361	1512.8899159663865
83297873	1513.0369747899158
83387369	1513.2218487394957
83476872	1513.3050420168067
83566350	1513.4218487394958
83655866	1513.5823529411764
83745369	1513.681512605042
83834857	1513.8672268907562
83924366	1514.061344537815
84013879	1514.1957983193279
84103351	1514.2865546218488
84192887	1514.4042016806723
84282364	1514.4957983193278
84371874	1514.6100840336135
84461339	1514.7226890756303
84550889	1514.8731092436976
84640363	1514.981512605042
84729900	1515.0252100840337
84819382	1515.1126050420169
84908897	1515.2546218487396
84998370	1515.4
85087904	1515.4478991596638
85177375	1515.536974789916
85266902	1515.5983193277311
85356387	1515.766386554622
85445899	1515.863025210084
85535399	1515.944537815126
85624920	1516.0327731092436
85714388	1516.1084033613447
85803904	1516.1857142857143
85893380	1516.190756302521
85982902	1516.2848739495798
86072388	1516.3689075630252
86161894	1516.4689075630251
86251390	1516.5798319327732
86340909	1516.5899159663866
86430384	1516.687394957983
86519918	1516.7857142857142
86609411	1516.8521008403363
86698916	1516.8588235294117
86788397	1516.9840336134455
86877936	1517.0495798319328
86967398	1517.0436974789916
87056926	1517.1336134453782
87146413	1517.2336134453783
87235927	1517.2142857142856
87325416	1517.2025210084034
87414939	1517.2521008403362
87504424	1517.3747899159664
87593939	1517.4462184873948
87683429	1517.4546218487394
87772958	1517.3756302521008
87862422	1517.3731092436974
87951945	1517.455462184874
88041433	1517.5176470588235
88130972	1517.546218487395
88220448	1517.5806722689076
88309952	1517.6445378151261
88399453	1517.6621848739496
88488965	1517.6436974789917
88578446	1517.6521008403363
88667958	1517.6857142857143
88757450	1517.6865546218487
88846977	1517.8848739495797
88936451	1517.8453781512605
89025984	1517.8058823529414
89115474	1517.9521008403362
89204993	1517.910924369748
89294560	1517.8789915966388
89692848	1518.0336134453783
89782336	1518.1033613445377
89871838	1518.1680672268908
89961339	1518.236974789916
90050838	1518.4579831932772
90140365	1518.5243697478993
90229861	1518.5235294117647
90319367	1518.6857142857143
90408843	1518.8058823529411
90498375	1518.9252100840336
90587856	1518.9109243697478
90677355	1519.0386554621848
90766858	1519.1117647058823
90856342	1519.1529411764704
90945845	1519.3084033613447
91035347	1519.446218487395
91124862	1519.5512605042018
91214333	1519.6252100840336
91303880	1519.689075630252
91393345	1519.8815126050422
91482874	1520.020168067227
91572346	1520.1252100840336
91661842	1520.1915966386555
91751351	1520.2067226890756
91840880	1520.3915966386555
91930352	1520.6268907563026
92019875	1520.8134453781513
92109348	1520.8613445378153
92198881	1521.0025210084034
92288369	1521.1638655462184
92377893	1521.264705882353
92467363	1521.398319327731
92556881	1521.5764705882352
92646382	1521.6672268907564
92735910	1521.8361344537814
92825379	1521.990756302521
92914916	1522.2100840336136
93004380	1522.3487394957983
93093930	1522.4579831932772
93183411	1522.6571428571428
93272924	1522.7840336134454
93362396	1522.9151260504202
93451923	1523.0310924369749
93541410	1523.1941176470589
93630944	1523.316806722689
93720407	1523.4512605042016
93809948	1523.5840336134454
93899423	1523.7932773109244
93988944	1523.8823529411766
94078434	1523.927731092437
94167960	1524.0302521008405
94257431	1524.1268907563026
94346962	1524.2176470588236
94436442	1524.3512605042017
94525984	1524.4957983193278
94615448	1524.7100840336134
94704983	1524.8176470588235
94794468	1524.8176470588235
94883980	1524.9672268907564
94973457	1525.0882352941178
95062978	1525.141176470588
95152463	1525.220168067227
95242012	1525.2857142857142
95331471	1525.429411764706
95420999	1525.4638655462184
95510479	1525.59243697479
95600001	1525.7100840336134
95689496	1525.7521008403362
95779004	1525.7823529411764
95868473	1525.944537815126
95958010	1525.9974789915966
96047499	1526.010924369748
96137017	1526.061344537815
96226504	1526.1512605042017
96316023	1526.232773109244
96405503	1526.266386554622
96495022	1526.4210084033614
96584502	1526.4588235294118
96674047	1526.4823529411765
96763508	1526.4949579831932
96853036	1526.498319327731
96942524	1526.6033613445377
97032039	1526.7058823529412
97121517	1526.6512605042017
97211043	1526.627731092437
97300524	1526.7336134453783
97390314	1526.779831932773
97479520	1526.838655462185
97569763	1526.938655462185
97658544	1526.8546218487395
97749680	1526.9176470588234
97837540	1526.9487394957982
97927021	1526.8563025210085
98016548	1526.9361344537815
98106035	1526.946218487395
98195552	1527.0126050420167
98285033	1527.0941176470587
98374539	1527.0907563025212
98464029	1527.190756302521
98553538	1527.1268907563026
98643027	1527.1117647058823
98732528	1527.1042016806723
98822037	1527.2621848739495
98911510	1527.2571428571428
99001011	1527.1302521008404
99090518	1527.1512605042017
99180022	1527.2512605042018
99269507	1527.264705882353
99359013	1527.2571428571428
99448507	1527.383193277311
99538027	1527.3966386554623
99627517	1527.4302521008403
99717023	1527.5336134453783
99806492	1527.655462184874
99896010	1527.7764705882355
99985502	1527.9226890756304
100075023	1528.370588235294
100164489	1528.7974789915966
100254011	1529.1487394957983
100343500	1529.4521008403362
100433006	1529.6621848739496
100522491	1530.044537815126
100612020	1530.3546218487395
100701490	1530.5899159663866
100791007	1530.7756302521009
100880491	1530.863025210084
100970008	1530.9588235294118
101059483	1530.979831932773
101148988	1531.0126050420167
101238480	1531.0605042016807
101327992	1531.0764705882352
101417460	1531.0915966386556
101506991	1531.0630252100839
101596470	1530.9655462184874
101685983	1530.963025210084
101775461	1531.0126050420167
101864978	1531.0184873949581
101954444	1531.036974789916
102043973	1531.055462184874
102133459	1530.9714285714285
102222986	1530.9546218487396
102312437	1531.0193277310925
102401958	1531.0025210084034
102491439	1530.9899159663864
102580959	1531.0210084033613
102670519	1530.9268907563026
102759952	1530.9848739495799
102849425	1531.0142857142857
102938954	1531.0033613445378
103028405	1531.0100840336136
103117945	1531.0764705882352
103207424	1531.0848739495798
103296921	1531.0840336134454
103386395	1530.9915966386557
103475916	1531.0008403361346
103565393	1531.0529411764705
103654918	1531.0243697478993
103744392	1531.081512605042
103833925	1531.0873949579832
103923376	1531.0504201680674
104012914	1531.0529411764705
104102382	1531.0478991596638
104191899	1531.0579831932773
104281371	1531.1008403361345
104370880	1531.070588235294
104460360	1531.0025210084034
104549893	1531.026050420168
104639360	1531.0134453781513
104728877	1531.0210084033613
104818346	1530.9915966386557
104907880	1531.0142857142857
104997336	1531.0957983193277
105086861	1531.068067226891
105176335	1531.0420168067228
105265860	1530.9689075630254
105355329	1530.9319327731093
105444893	1530.9840336134455
105534323	1531.1025210084033
105623823	1531.0915966386556
105713325	1531.0218487394957
105802807	1530.989075630252
105892306	1531.0235294117647
105981804	1531.0470588235294
106071316	1531.1193277310924
106160791	1531.163025210084
106250292	1531.1310924369748
106339791	1531.129411764706
106429294	1531.1638655462186
106518772	1531.079831932773
106608262	1530.99243697479
106697764	1531.055462184874
106787277	1531.1310924369748
106876764	1531.073949579832
106966266	1531.0218487394957
107055761	1531.1109243697479
107145260	1531.118487394958
107234776	1531.1344537815125
107324260	1531.1529411764704
107413781	1531.2495798319328
107503257	1531.3882352941177
107592787	1531.344537815126
107682260	1531.4302521008403
107771773	1531.481512605042
107861262	1531.5638655462185
107950767	1531.4478991596638
108040245	1531.4142857142858
108129759	1531.473949579832
108219227	1531.5252100840337
108308770	1531.4957983193278
108398250	1531.5067226890756
108487767	1531.5067226890756
108577241	1531.4932773109244
108666771	1531.4579831932772
108756229	1531.6226890756304
108845756	1531.647899159664
108935247	1531.5773109243698
109024760	1531.5302521008402
109114244	1531.5025210084034
109203758	1531.5218487394957
109293226	1531.5168067226891
109382740	1531.5453781512606
109472232	1531.5579831932773
109561749	1531.5823529411766
109651241	1531.5504201680674
109740753	1531.5210084033613
109830234	1531.5605042016807
109919763	1531.6084033613447
110009220	1531.5672268907563
110098766	1531.5714285714284
110188234	1531.5319327731092
110277759	1531.5714285714284
110367230	1531.6084033613447
110456758	1531.5899159663866
110546247	1531.5815126050422
110635751	1531.535294117647
110725230	1531.5848739495798
110814756	1531.5815126050422
110904247	1531.5983193277311
110993766	1531.6058823529413
111083223	1531.558823529412
111172750	1531.5983193277311
111262239	1531.6798319327731
111351753	1531.6504201680673
111441233	1531.6789915966388
111530757	1531.6571428571428
111620217	1531.6058823529413
111709740	1531.5563025210083
111799221	1531.5428571428572
111888748	1531.5957983193277
111978216	1531.616806722689
112067737	1531.6302521008404
112157226	1531.5899159663866
112246755	1531.5647058823529
112336212	1531.6327731092438
112425741	1531.6949579831935
112515212	1531.6142857142859
112604739	1531.555462184874
112694198	1531.6344537815125
112783731	1531.6453781512605
112873203	1531.698319327731
112962726	1531.698319327731
113052213	1531.6058823529413
113141738	1531.6000000000001
113231205	1531.6159663865546
113320728	1531.6436974789915
113410215	1531.6008403361345
113500293	1531.6042016806723
113589199	1531.6672268907564
113680358	1531.6067226890757
113768206	1531.6117647058823
113857702	1531.627731092437
113947210	1531.6722689075632
114036683	1531.6504201680673
114126213	1531.7268907563027
114215700	1531.6588235294118
114305214	1531.609243697479
114394705	1531.6462184873951
114484203	1531.6764705882354
114573689	1531.642857142857
114663207	1531.6218487394958
114752696	1531.5529411764705
114842208	1531.6344537815125
114931703	1531.6436974789915
115021186	1531.653781512605
115110711	1531.6966386554623
115200198	1531.6529411764704
115289704	1531.5815126050422
115379194	1531.6957983193279
115468726	1531.6529411764704
115558192	1531.655462184874
115647715	1531.673949579832
115737187	1531.6327731092438
115826712	1531.616806722689
115916172	1531.6848739495797
116005693	1531.642857142857
116095168	1531.6252100840336
116184704	1531.6294117647058
116274167	1531.6764705882354
116363696	1531.655462184874
116453164	1531.6462184873951
116542699	1531.6210084033612
116632160	1531.6226890756304
116721687	1531.6621848739496
116811150	1531.6672268907564
116900675	1531.6823529411765
116990154	1531.6621848739496
117079681	1531.7134453781514
117169134	1531.6344537815125