15016499	1362.9033613445379
15105860	1362.8663865546218
15195264	1362.872268907563
15284593	1362.9453781512605
15373984	1362.9806722689075
15463345	1362.8882352941177
15552735	1362.8613445378153
15642084	1362.9747899159665
15731470	1362.9512605042016
15820821	1362.8932773109245
15910235	1362.8302521008404
15999556	1362.8756302521008
16088961	1362.9168067226892
16178304	1362.8823529411764
16267691	1362.8857142857144
16357050	1362.8882352941177
16446444	1362.927731092437
16535770	1362.9327731092437
16625178	1362.8823529411764
16714514	1362.8957983193277
16803919	1362.9865546218487
16893239	1362.9470588235295
16982645	1362.9436974789917
17071995	1363.0126050420167
17162362	1362.978151260504
17250732	1362.9226890756302
17341782	1362.8857142857144
17429474	1362.9546218487394
17518840	1362.9176470588236
17608225	1362.8672268907562
17697579	1362.9563025210084
17786930	1362.9747899159665
17876318	1362.9512605042016
17965675	1362.9613445378152
18055043	1363.0277310924369
18144403	1362.990756302521
18233776	1362.894117647059
18323166	1362.9193277310924
18412524	1362.9310924369747
18501876	1362.9621848739496
18591277	1362.920168067227
18680604	1362.9176470588236
18769988	1362.909243697479
18859326	1362.957142857143
18948727	1363.0327731092436
19038067	1362.9462184873948
19127467	1362.853781512605
19216806	1362.8361344537816
19306189	1362.8882352941177
19395548	1362.88487394958
19484923	1362.857142857143
19574268	1362.9058823529413
19663651	1362.966386554622
19752996	1362.9613445378152
19842392	1362.898319327731
19931742	1362.896638655462
20021124	1362.9411764705883
20110561	1362.953781512605
20199856	1362.9428571428573
20289206	1362.9126050420168
20378601	1362.90756302521
20467930	1362.9428571428573
20557321	1362.9521008403362
20646672	1363.0285714285715
20736046	1363.0168067226891
20825405	1362.8806722689076
20914791	1362.8798319327732
21004134	1362.8285714285714
21093538	1362.9100840336134
21182858	1362.978151260504
21272267	1362.9621848739496
21361584	1362.953781512605
21451000	1362.9983193277312
21540336	1362.966386554622
21629723	1362.9168067226892
21719079	1362.8957983193277
21808462	1362.9806722689075
21897797	1362.9361344537815
21987194	1363.0151260504201
22076531	1362.990756302521
22165923	1362.9378151260505
22255273	1362.9151260504202
22344668	1362.857142857143
22434016	1362.9151260504202
22523404	1362.9470588235295
22612745	1363.0067226890758
22702136	1362.9672268907564
22791480	1362.927731092437
22880878	1362.9361344537815
22970227	1362.9193277310924
23059619	1362.8991596638655
23148960	1362.8857142857144
23238362	1362.8773109243698
23327696	1362.896638655462
23417307	1362.8873949579831
23506427	1362.920168067227
23597322	1362.8991596638655
23685146	1362.9621848739496
23774531	1363.1563025210085
23863906	1363.4672268907564
23953267	1363.757142857143
24042643	1364.198319327731
24132016	1364.8319327731094
24221404	1365.3689075630252
24310766	1365.9285714285713
24400136	1366.4109243697478
24489492	1366.9084033613447
24578855	1367.5243697478993
24668224	1368.1453781512605
24757588	1368.6000000000001
24846960	1369.2025210084034
24936318	1370.290756302521
25025702	1371.1840336134455
25115053	1371.9840336134455
25204444	1372.8932773109243
25293772	1373.8579831932775
25383173	1374.647899159664
25472515	1375.4428571428573
25561902	1376.4394957983193
25651245	1377.5848739495798
25740640	1378.5193277310925
25829982	1379.5
25919361	1380.5168067226891
26008696	1381.5731092436974
26098096	1382.6487394957985
26187446	1383.5310924369749
26276823	1384.520168067227
26366147	1385.6773109243697
26455575	1386.7176470588236
26544897	1387.7243697478991
26634291	1388.7932773109244
26723650	1389.7655462184873
26813025	1390.9218487394958
26902360	1392.0226890756303
26991745	1392.990756302521
27081097	1394.1697478991596
27170492	1395.2848739495798
27259834	1396.3563025210085
27349231	1397.5949579831931
27438581	1398.6352941176472
27527955	1399.863025210084
27617306	1401.1243697478992
27706693	1402.2453781512606
27796049	1403.4588235294118
27885438	1404.6789915966388
27974789	1405.7252100840337
28064175	1406.9436974789915
28153505	1408.127731092437
28242909	1409.2773109243697
28332269	1410.6058823529413
28421648	1411.8201680672269
28510991	1413.0310924369749
28600377	1414.3336134453782
28689728	1415.6268907563026
28779115	1416.8932773109245
28868460	1418.1613445378152
28957844	1419.50756302521
29047194	1420.6310924369748
29136574	1421.9957983193276
29225916	1423.2504201680672
29315314	1424.490756302521
29404656	1425.8453781512605
29494047	1427.0495798319328
29583391	1428.4134453781512
29672771	1429.6882352941177
29762122	1430.9915966386557
29852247	1432.2596638655461
29940852	1433.5731092436974
30032004	3049.8226890756305
30428021	1440.7504201680672
30517393	1442.141176470588
30606888	1443.3159663865547
30696128	1444.7932773109244
30785517	1446.1084033613445
30874865	1447.5680672268907
30964259	1448.879831932773
31053596	1450.189075630252
31142993	1451.5663865546219
31232330	1452.8470588235293
31321735	1454.4302521008403
31411082	1455.6563025210085
31500475	1457.0403361344538
31589820	1458.3991596638655
31679202	1459.6899159663865
31768547	1461.2109243697478
31857936	1462.5042016806724
31947304	1463.857142857143
32036665	1465.3176470588237
32126023	1466.6260504201682
32215419	1468.0983193277311
32304759	1469.2571428571428
32394162	1470.7621848739498
32483485	1472.2504201680672
32572880	1473.5394957983192
32662229	1474.8470588235293
32751606	1476.218487394958
32840961	1477.5
32930351	1479.033613445378
33019680	1480.546218487395
33109089	1481.8386554621848
33198405	1483.1361344537816
33287805	1484.6176470588234
33377155	1485.8907563025211
33466549	1487.3428571428572
33555894	1488.770588235294
33645268	1490.1529411764704
33734624	1491.4252100840338
33824011	1492.9092436974788
33913361	1494.2605042016808
34002739	1495.68487394958
34092079	1496.9899159663864
34181466	1498.464705882353
34270793	1499.6411764705883
34360186	1501.270588235294
34449531	1502.652100840336
34538921	1503.9378151260503
34628267	1505.3394957983194
34717647	1506.5310924369749
34806992	1508.0537815126052
34896404	1509.2857142857142
34985723	1510.6932773109243
35075118	1512.1705882352942
35164450	1513.4420168067227
35253844	1514.8806722689076
35343186	1516.361344537815
35432575	1517.6781512605044
35521911	1518.9747899159663
35611795	1520.4495798319329
35700642	1521.6151260504203
35791849	1522.9529411764706
36187973	1528.9529411764706
36277355	1530.2857142857142
36366850	1531.7596638655464
36456077	1533.0873949579832
36545477	1534.410924369748
36634823	1535.6789915966388
36724209	1536.9983193277312
36813561	1538.2436974789916
36902942	1539.6084033613445
36992304	1540.8605042016807
37081686	1542.3008403361343
37171039	1543.5394957983192
37260436	1544.6899159663867
37349757	1546.2033613445378
37439170	1547.4067226890757
37528495	1548.6109243697479
37617910	1549.9613445378152
37707231	1551.220168067227
37796649	1552.4672268907564
37885986	1553.6899159663867
37975385	1555.2033613445378
38064717	1556.2579831932771
38154112	1557.509243697479
38243451	1558.7252100840337
38332843	1560.0899159663866
38422185	1561.3445378151262
38511590	1562.438655462185
38600931	1563.6050420168067
38690329	1565.0302521008402
38779651	1566.0966386554621
38869055	1567.2344537815127
38958398	1568.4781512605043
39047790	1569.661344537815
39137143	1570.7378151260505
39226533	1571.975630252101
39315884	1573.0697478991597
39405268	1574.312605042017
39494610	1575.335294117647
39584014	1576.5126050420167
39673357	1577.5134453781513
39762738	1578.7226890756303
39852081	1579.7798319327733
39941484	1580.7966386554622
40030810	1581.8075630252101
40120215	1582.8932773109243
40209549	1583.9546218487394
40298937	1584.9394957983193
40388272	1585.8386554621848
40477672	1586.8504201680673
40567006	1587.6352941176472
40656418	1588.5067226890758
40745765	1589.2436974789916
40835148	1589.8319327731094
40924487	1590.5991596638657
41013879	1591.227731092437
41103223	1591.8344537815126
41192611	1592.4420168067227
41281953	1593.047899159664
41371326	1593.609243697479
41460716	1594.0915966386556
41551903	1594.5159663865545
41639426	1595.0403361344538
41728788	1595.5689075630253
41818176	1595.9487394957985
41907521	1596.490756302521
41996879	1596.8546218487395
42086250	1597.1840336134453
42175645	1597.7126050420168
42264992	1598.155462184874
42354393	1598.5117647058823
42443731	1598.9226890756304
42533081	1599.3327731092436
42622468	1599.652100840336
42711820	1600.0100840336133
42801215	1600.381512605042
42890574	1600.7789915966387
42979972	1601.0663865546219
43069297	1601.3806722689076
43158692	1601.672268907563
43248036	1602.026050420168
43337416	1602.3134453781513
43426755	1602.5823529411766
43516162	1602.8310924369748
43605497	1603.2613445378151
43694882	1603.4319327731093
43784221	1603.7176470588236
43873638	1604.0445378151262
43962981	1604.2403361344539
44052372	1604.472268907563
44141690	1604.7697478991597
44231096	1605.0151260504203
44320436	1605.229411764706
44409840	1605.4268907563026
44499175	1605.7319327731093
44588575	1605.9378151260505
44677917	1606.1512605042017
44767319	1606.3966386554623
44856649	1606.6050420168067
44946047	1606.7941176470588
45035391	1606.9537815126052
45124778	1607.1974789915967
45214129	1607.4151260504202
45303523	1607.6218487394958
45392882	1607.770588235294
45482261	1607.836974789916
45571590	1608.0235294117647
45661002	1608.255462184874
45750329	1608.409243697479
45839736	1608.572268907563
45929074	1608.8008403361343
46018461	1609.0436974789916
46107804	1609.0991596638655
46197183	1609.1697478991598
46286674	1609.3310924369748
46684273	1610.0605042016807
46773633	1610.1924369747899
46863022	1610.236974789916
46952388	1610.3310924369748
47042151	1610.5050420168068
47131119	1610.570588235294
47222135	1610.568067226891
47309854	1610.6638655462186
47399223	1610.772268907563
47488577	1610.9319327731093
47577958	1611.0319327731092
47667327	1611.035294117647
47756701	1611.1411764705883
47846066	1611.3487394957983
47935434	1611.4327731092437
48024806	1611.3823529411766
48114171	1611.4042016806723
48203535	1611.5285714285715
48292908	1611.6100840336135
48382269	1611.7831932773108
48471660	1611.6882352941177
48561003	1611.8731092436974
48650382	1611.8647058823528
48739734	1611.9151260504202
48829119	1612.012605042017
48918476	1612.1932773109245
49007869	1612.2436974789916
49097202	1612.2932773109244
49186600	1612.390756302521
49275923	1612.4134453781512
49365316	1612.463025210084
49454673	1612.5579831932773
49544051	1612.547899159664
49633395	1612.536974789916
49722791	1612.7058823529412
49812125	1612.812605042017
49901499	1612.8336134453782
49990846	1612.8949579831933
50080247	1612.9394957983193
50169572	1612.9848739495799
50258992	1613.0949579831934
50348331	1613.0420168067226
50437731	1613.1025210084035
50527046	1613.147899159664
50616439	1613.3277310924368
50705785	1613.2319327731093
50795174	1613.3210084033615
50884536	1613.4352941176471
50973929	1613.3949579831933
51063258	1613.5252100840337
51152665	1613.547899159664
51241993	1613.547899159664
51331399	1613.6773109243697
51420741	1613.563025210084
51510130	1613.5697478991597
51599466	1613.6
51688865	1613.6588235294116
51778207	1613.6352941176472
51867587	1613.6621848739496
51956937	1613.773949579832
52046463	1613.7193277310926
52135678	1613.636974789916
52225058	1613.6613445378152
52314418	1613.7344537815127
52403782	1613.8176470588235
52493135	1613.753781512605
52582537	1613.7689075630253
52671863	1613.7932773109244
52761268	1613.835294117647
52850597	1613.8378151260506
52939993	1613.8084033613445
53029337	1613.7957983193278
53118733	1613.8134453781513
53208086	1613.873949579832
53297483	1613.9411764705883
53386813	1613.9991596638656
53476948	1614.0218487394957
53565555	1614.0252100840337
53656617	1614.0067226890756
53744298	1614.0378151260504
53833657	1614.198319327731
53923033	1614.279831932773
54012397	1614.3075630252101
54101767	1614.526050420168
54191141	1614.920168067227
54280506	1615.2100840336134
54369866	1615.3764705882354
54459250	1615.3134453781513
54548603	1615.396638655462
54637978	1615.5529411764705
54727353	1615.6294117647058
54816696	1615.6680672268908
54906081	1615.5739495798318
54995433	1615.6680672268908
55084826	1615.5361344537816
55174158	1615.481512605042
55263550	1615.5
55352906	1615.5453781512606
55442300	1615.5310924369749
55531644	1615.5764705882355
55621032	1615.5184873949581
55710374	1615.5655462184873
55799760	1615.6319327731094
55889102	1615.5899159663866
55978492	1615.5579831932773
56067824	1615.594117647059
56157212	1615.6865546218487
56246541	1615.712605042017
56335940	1615.818487394958
56425287	1615.7630252100842
56514666	1615.7529411764706
56604020	1615.8235294117646
56693404	1615.9109243697478
56782836	1615.8453781512605
56872125	1615.8075630252101
56961473	1615.8579831932775
57050863	1615.8932773109243
57140219	1615.9210084033614
57229702	1615.8873949579831
57318944	1615.9235294117648
57408329	1615.9630252100842
57497664	1615.9210084033614
57587039	1615.9579831932774
57676382	1615.8773109243698
57765799	1615.8478991596637
57855131	1615.9344537815127
57944511	1615.9689075630251
58033852	1615.9260504201682
58123248	1615.9394957983195
58212589	1615.9453781512605
58301952	1615.9168067226892
58391311	1615.9630252100842
58480709	1615.9504201680672
58570035	1615.9025210084033
58659421	1615.8840336134454
58748770	1615.8907563025211
58838157	1615.953781512605
58927493	1615.9957983193278
59016877	1616.046218487395
59106221	1615.9420168067227
59195612	1615.918487394958
59284965	1615.8882352941175
59374352	1616.1344537815128
59463678	1616.3252100840336
59553078	1616.4159663865546
59642431	1616.4327731092437
59732098	1616.4823529411765
59821168	1616.6084033613445
59912039	1616.5798319327732
59999899	1616.5117647058823
60089263	1616.5924369747897
60178636	1616.4773109243697
60267990	1616.5529411764708
60357374	1616.666386554622
60446737	1616.6252100840338
60536093	1616.5731092436974
60625456	1616.5882352941176
60714830	1616.616806722689
60804182	1616.6352941176472
60893571	1616.5831932773108
60982939	1616.5378151260504
61072301	1616.5428571428572
61161663	1616.5613445378153
61251022	1616.6487394957983
61340416	1616.647899159664
61429749	1616.6882352941177
61519238	1616.666386554622
61608491	1616.766386554622
61697869	1616.6714285714286
61787209	1616.6403361344537
61876626	1616.6731092436974
61966045	1616.6411764705883
62055339	1616.6193277310924
62144663	1616.6084033613445
62234072	1616.5957983193277
62323398	1616.638655462185
62412804	1616.666386554622
62502151	1616.6731092436974
62591525	1616.6823529411765
62680875	1616.675630252101
62770259	1616.6571428571428
62859602	1616.6512605042017
62948995	1616.6731092436974
63038316	1616.7226890756303
63127712	1616.7327731092437
63217058	1616.675630252101
63306456	1616.6773109243697
63395807	1616.7403361344539
63485169	1616.7378151260505
63574514	1616.6823529411765
63663910	1616.7798319327733
63753235	1616.7773109243697
63842635	1616.7302521008405
63931961	1616.6941176470589
64021361	1616.7613445378151
64110699	1616.8075630252101
64200087	1616.738655462185
64289436	1616.7915966386554
64378809	1616.7857142857142
64468157	1616.757142857143
64557538	1616.7411764705882
64646902	1616.7436974789916
64736274	1616.727731092437
64825624	1616.7176470588236
64914998	1616.709243697479
65004341	1616.687394957983
65093740	1616.7126050420168
65183083	1616.746218487395
65272451	1616.7756302521009
65361815	1616.7890756302522
65451202	1616.7151260504202
65540528	1616.7268907563025
65629908	1616.6731092436974
65719262	1616.7697478991597
65808662	1616.7546218487396
65897992	1616.7084033613446
65987377	1616.7512605042016
66076714	1616.6915966386555
66167009	1616.7588235294118
66255446	1616.8672268907562
66346487	1616.8193277310925
66434191	1616.7932773109244
66523543	1616.8142857142857
66612926	1616.7823529411764
66702396	1616.7142857142858
66791640	1616.7756302521009
66881005	1616.7848739495798
66970377	1616.735294117647
67059736	1616.7218487394957
67149118	1616.7067226890758
67238483	1616.7151260504202
67327834	1616.7831932773108
67417218	1616.7873949579832
67506571	1616.7882352941176
67595945	1616.7680672268907
67685309	1616.7058823529412
67774691	1616.687394957983
67864031	1616.883193277311
67953430	1616.872268907563
68042772	1616.747899159664
68132160	1616.7016806722688
68221506	1616.7142857142858
68310887	1616.7773109243697
68400243	1616.8487394957983
68489613	1616.7983193277312
68578964	1616.8252100840336
68668353	1616.8588235294117
68757681	1616.8487394957983
68847075	1616.8008403361343
68936403	1616.7873949579832
69025790	1616.746218487395
69115130	1616.7966386554622
69204530	1616.7957983193278
69293868	1616.7806722689077
69383253	1616.7705882352943

