47405268	1360.726050420168
47494658	1360.6705882352942
47583991	1360.744537815126
47673385	1360.7008403361344
47762727	1360.652100840336
47852100	1360.7411764705882
47941455	1360.731092436975
48030862	1360.7571428571428
48120180	1360.7361344537817
48209568	1360.7941176470588
48298920	1360.770588235294
48388304	1360.8142857142857
48477635	1360.7184873949582
48567032	1360.652100840336
48656365	1360.6655462184874
48745756	1360.7151260504202
48835098	1360.7605042016808
48924481	1360.7470588235294
49013820	1360.6436974789915
49103209	1360.6621848739496
49192560	1360.6915966386555
49281952	1360.690756302521
49371280	1360.7806722689074
49460672	1360.733613445378
49550078	1360.7487394957982
49639392	1360.720168067227
49728748	1360.6966386554623
49818115	1360.7781512605043
49907457	1360.857142857143
49996845	1360.8067226890755
50086174	1360.7210084033613
50175564	1360.7411764705882
50264927	1360.7025210084034
50354298	1360.7327731092437
50443621	1360.7630252100842
50533025	1360.7403361344539
50622362	1360.7277310924371
50711751	1360.7436974789916
50801079	1360.7411764705882
50890485	1360.6781512605044
50979820	1360.709243697479
51069197	1360.783193277311
51158535	1360.7781512605043
51247924	1360.7403361344539
51337259	1360.7176470588236
51427310	1360.7621848739495
51515986	1360.7731092436975
51605508	1360.7781512605043
51694693	1360.7941176470588
51784062	1361.2470588235294
51873423	1361.9588235294118
51962785	1362.6697478991596
52052148	1363.5327731092439
52141502	1364.2949579831932
52230882	1365.2487394957982
52320224	1366.4764705882353
52409609	1367.8436974789915
52498971	1369.1336134453782
52588302	1370.5512605042015
52677676	1372.3159663865547
52767033	1374.0647058823529
52856398	1375.638655462185
52945759	1377.2008403361344
53035132	1379.0226890756303
53124480	1380.9126050420168
53213859	1382.6159663865546
53303186	1384.5789915966386
53392583	1386.5042016806724
53481925	1388.4084033613444
53571312	1390.3773109243698
53660640	1392.4957983193276
53750031	1394.327731092437
53839362	1396.153781512605
53928742	1398.0453781512606
54018102	1400.5210084033613
54107469	1402.5100840336136
54196799	1404.690756302521
54286330	1406.589075630252
54684114	1416.2142857142858
54773482	1418.4285714285716
54862858	1420.5294117647059
54952200	1422.9100840336134
55041582	1425.1991596638657
55130949	1427.2941176470588
55220331	1429.3529411764707
55309664	1431.5957983193277
55399050	1434.0168067226891
55488393	1436.268067226891
55577782	1438.555462184874
55667121	1440.8621848739497
55756519	1442.894117647059
55845864	1445.4361344537815
55935238	1447.7613445378151
56024582	1450.1747899159666
56113973	1452.5563025210083
56203320	1454.9151260504202
56292710	1457.2058823529412
56382056	1459.5899159663866
56471458	1462
56560783	1464.3655462184875
56650174	1466.7739495798319
56739518	1469.152100840336
56828912	1471.409243697479
56918257	1473.90756302521
57007730	1476.1588235294116
57096983	1478.7025210084034
57187715	1481.044537815126
57275689	1483.3285714285714
57365069	1485.735294117647
57454427	1488.1663865546218
57543774	1490.7033613445378
57633161	1492.8848739495797
57722513	1495.2764705882353
57811864	1497.573949579832
57901235	1500.10756302521
57990606	1502.4991596638656
58079952	1504.9974789915966
58169320	1507.1764705882354
58258690	1509.7411764705882
58348049	1512.4697478991595
58437398	1514.361344537815
58526761	1516.9470588235295
58616156	1519.242857142857
58705477	1521.701680672269
58794872	1524.3092436974791
58884183	1526.536974789916
58973575	1528.9983193277312
59062929	1531.344537815126
59152287	1533.673949579832
59241655	1535.9218487394958
59331025	1538.3151260504203
59420360	1540.6781512605041
59509760	1543.1025210084033
59599065	1545.246218487395
59688457	1547.4806722689075
59777804	1550.0084033613446
59867195	1552.198319327731
59956524	1554.5798319327732
60045911	1556.8865546218487
60135249	1559.1084033613445
60224601	1561.5781512605042
60313985	1563.7504201680672
60403355	1565.7067226890756
60492690	1568.1991596638654
60582099	1570.4243697478992
60671433	1572.609243697479
60760821	1574.9134453781512
60850143	1577.0126050420167
60939537	1578.9436974789917
61028871	1581.2655462184873
61118257	1583.757142857143
61207590	1585.5873949579832
61296967	1587.7789915966387
61386298	1590.0848739495798
61475685	1592.181512605042
61565012	1593.953781512605
61654403	1596.0588235294117
61743743	1598.142857142857
61833119	1600.2193277310923
61922457	1601.9882352941177
62011841	1604.0647058823529
62101172	1605.8848739495797
62190575	1607.9050420168066
62279890	1609.5697478991597
62369297	1611.7201680672267
62458634	1613.2008403361344
62548020	1615.2991596638656
62637350	1616.7983193277312
62726729	1618.3235294117649
62816058	1619.944537815126
62905462	1621.8857142857144
62994774	1623.3210084033612
63084164	1624.5638655462185
63173514	1626.3605042016807
63262896	1627.47731092437
63352230	1629.0411764705882
63442674	1630.2386554621849
63530978	1631.2865546218488
63620513	1632.6680672268908
63709679	1633.7134453781512
63799048	1634.7252100840337
63888408	1635.8840336134454
63977771	1636.7344537815127
64067105	1637.4176470588236
64156486	1638.3336134453782
64245852	1638.9747899159665
64335198	1639.3823529411766
64424560	1639.8058823529411
64513931	1640.1915966386555
64603280	1640.5042016806724
64692628	1640.7252100840335
64782063	1641.0100840336133
65179847	1642.0453781512606
65269184	1642.2008403361344
65358731	1642.4117647058824
65447937	1642.6176470588234
65537310	1642.8546218487395
65626637	1643.018487394958
65716030	1643.220168067227
65805371	1643.4042016806723
65894750	1643.5386554621848
65984077	1643.6470588235295
66073452	1643.7470588235294
66162789	1643.9899159663864
66252179	1644.1899159663865
66341519	1644.244537815126
66430914	1644.4529411764704
66520250	1644.5823529411766
66609640	1644.6344537815125
66698965	1644.6588235294118
66788362	1644.7983193277312
66877699	1644.88487394958
66967075	1644.909243697479
67056423	1644.964705882353
67145815	1644.9638655462186
67235141	1645.057142857143
67324540	1645.1226890756302
67413876	1645.2226890756303
67503263	1645.231092436975
67592597	1645.3310924369748
67681996	1645.242857142857
67771333	1645.4470588235295
67860724	1645.555462184874
67950038	1645.4621848739496
68039426	1645.4226890756304
68128762	1645.5882352941176
68218154	1645.5697478991597
68307488	1645.6504201680673
68396886	1645.689075630252
68486204	1645.683193277311
68575597	1645.7714285714287
68664924	1645.8789915966386
68754330	1645.8865546218487
68843655	1645.9890756302523
68933022	1645.9924369747898
69022364	1645.964705882353
69112181	1646.0504201680671
69201070	1646.083193277311
69292142	1646.0151260504201
69688373	1646.1268907563026
69777737	1646.0840336134454
69867081	1646.1126050420169
69956466	1646.2008403361344
70045845	1646.1361344537816
70135194	1646.105882352941
70224585	1646.1084033613445
70313911	1646.244537815126
70403310	1646.3159663865547
70492648	1646.1899159663865
70582041	1646.181512605042
70671382	1646.268907563025
70760744	1646.2403361344539
70850080	1646.2798319327733
70939474	1646.2260504201681
71028808	1646.2613445378151
71118353	1646.2521008403362
71207540	1646.3445378151262
71296905	1646.2731092436975
71386259	1646.175630252101
71475630	1646.2638655462185
71564973	1646.2798319327733
71654364	1646.2579831932774
71743696	1646.3184873949579
71833091	1646.3495798319327
71922412	1646.3134453781513
72011800	1646.3084033613445
72101135	1646.3184873949579
72190518	1646.3319327731092
72279858	1646.326050420168
72369243	1646.4235294117645
72458582	1646.3663865546218
72547947	1646.2655462184875
72637307	1646.270588235294
72726677	1646.3470588235296
72816014	1646.3344537815126
72905396	1646.3058823529411
72994732	1646.353781512605
73084099	1646.3378151260506
73173421	1646.2764705882353
73262814	1646.3008403361343
73352152	1646.3193277310925
73441534	1646.3428571428572
73530875	1646.3218487394959
73620262	1646.3840336134454
73709587	1646.3453781512605
73798979	1646.2915966386554
73888320	1646.266386554622
73977699	1646.3613445378153
74067030	1646.3554621848739
74156419	1646.336974789916
74245749	1646.4243697478992
74335115	1646.4050420168066
74424484	1646.3344537815126
74513856	1646.3193277310925
74603188	1646.3235294117646
74692623	1646.312605042017
74781911	1646.3058823529411
74872175	1646.3336134453782
74960643	1646.3764705882354
75049984	1646.3218487394959
75139363	1646.2655462184875
75228716	1646.3285714285714
75318066	1646.2983193277312
75407446	1646.2974789915968
75496812	1646.3268907563024
75586155	1646.329411764706
75675535	1646.2899159663866
75764884	1646.3403361344538
75854334	1646.4210084033614
76252147	1646.3319327731092
76341517	1646.3823529411764
76430889	1646.3529411764707
76520217	1646.3588235294117
76609611	1646.3285714285714
76698947	1646.38487394958
76788343	1646.3655462184875
