63177239	1362.3134453781513
63266619	1362.3134453781513
63355972	1362.3302521008404
63445356	1362.2747899159665
63534711	1362.2613445378151
63624101	1362.247899159664
63713470	1362.2453781512604
63802841	1362.2848739495798
63892224	1362.2319327731093
63981568	1362.2319327731093
64070931	1362.3058823529411
64160311	1362.266386554622
64249703	1362.2588235294118
64339055	1362.290756302521
64428458	1362.2252100840337
64517802	1362.2042016806722
64607197	1362.2974789915966
64696548	1362.324369747899
64785944	1362.2084033613446
64875280	1362.173949579832
64964669	1362.2630252100842
65054022	1362.2924369747898
65143421	1362.2857142857142
65232769	1362.2739495798319
65322162	1362.2857142857142
65411512	1362.2924369747898
65500907	1362.2873949579832
65590239	1362.2714285714287
65679640	1362.3159663865547
65768982	1362.3302521008404
65858368	1362.3352941176472
65947716	1362.324369747899
66037124	1362.3142857142857
66126474	1362.327731092437
66215867	1362.3579831932773
66305206	1362.2899159663866
66394617	1362.2857142857142
66483942	1362.3294117647058
66573335	1362.2672268907563
66662697	1362.2134453781514
66752097	1362.2344537815127
66841437	1362.2747899159665
66930831	1362.2714285714287
67020163	1362.2882352941176
67109568	1362.3117647058825
67198911	1362.2899159663866
67288307	1362.3394957983194
67377653	1362.3294117647058
67467042	1362.2487394957984
67556388	1362.1957983193277
67645789	1362.2697478991597
67735141	1362.2932773109244
67824531	1362.2697478991597
67913874	1362.327731092437
68003270	1362.324369747899
68092631	1362.227731092437
68182011	1362.187394957983
68271369	1362.2193277310923
68360755	1362.2579831932774
68450107	1362.3857142857144
68539501	1362.4773109243697
68628843	1362.427731092437
68718241	1362.3697478991596
68807579	1362.2512605042016
68896987	1362.242857142857
68986326	1362.2714285714287
69075736	1362.255462184874
69165067	1362.3201680672269
69255468	1362.3420168067225
69343822	1362.3487394957983
69434823	1362.2638655462185
69522544	1362.235294117647
69611912	1362.2924369747898
69701284	1362.3142857142857
69790655	1362.255462184874
69880020	1362.2344537815127
69969382	1362.290756302521
70058772	1362.3
70148110	1362.2630252100842
70237486	1362.2714285714287
70326858	1362.2882352941176
70416208	1362.3117647058825
70505578	1362.3008403361343
70594941	1362.2403361344539
70684320	1362.2159663865548
70773689	1362.268907563025
70863074	1362.2638655462185
70952417	1362.2529411764706
71041802	1362.227731092437
71131148	1362.2949579831934
71220541	1362.290756302521
71309883	1362.2613445378151
71399288	1362.2420168067226
71488630	1362.2857142857142
71578014	1362.316806722689
71667373	1362.2798319327733
71756759	1362.2798319327733
71846105	1362.2747899159665
71935508	1362.2193277310923
72024841	1362.1815126050421
72114230	1362.2067226890756
72203560	1362.2268907563025
72292965	1362.2773109243697
72382309	1362.2672268907563
72471699	1362.3302521008404
72561054	1362.4957983193276
72650433	1362.7168067226892
72739786	1363.1361344537816
72829168	1363.5764705882352
72918526	1363.864705882353
73007909	1364.1100840336135
73097250	1364.3193277310925
73186647	1364.5605042016807
73275991	1364.8453781512605
73365386	1365.1159663865546
73454730	1365.4126050420168
73544114	1365.6697478991596
73633480	1366.0159663865545
73722857	1366.3294117647058
73812199	1366.559663865546
73901596	1366.8731092436974
73990953	1367.1697478991598
74080340	1367.5487394957984
74169674	1367.898319327731
74259067	1368.2226890756301
74348399	1368.5436974789916
74437805	1368.9831932773109
74527151	1369.3218487394959
74616545	1369.663025210084
74705875	1370.0621848739497
74795272	1370.3512605042017
74884619	1370.7378151260505
74973990	1371.1672268907564
75063350	1371.5411764705882
75152746	1371.929411764706
75242068	1372.2588235294118
75331467	1372.6504201680673
75420812	1373.0563025210083
75510450	1373.426050420168
75599560	1373.8042016806723
75690435	1374.3386554621848
75778291	1374.6932773109245
75867662	1375.1218487394958
75957018	1375.5193277310925
76046473	1375.898319327731
76135768	1376.3302521008404
76225127	1376.7
76314495	1377.153781512605
76403852	1377.7084033613446
76493233	1378.146218487395
76582604	1378.4033613445379
76671970	1378.809243697479
76761344	1379.233613445378
76850713	1379.5781512605042
76940093	1380.0394957983194
77029450	1380.5176470588235
77118844	1380.9588235294118
77208183	1381.383193277311
77297580	1381.7941176470588
77386905	1382.163025210084
77476311	1382.6420168067227
77565640	1383.090756302521
77655039	1383.5075630252102
77744384	1383.9420168067227
77833788	1384.4126050420168
77923107	1384.90756302521
78012512	1385.3504201680673
78101862	1385.8008403361346
78191246	1386.2697478991597
78280586	1386.7991596638656
78369974	1387.1294117647058
78459321	1387.5394957983194
78548720	1388.0277310924369
78638052	1388.4848739495799
78727449	1388.852100840336
78816796	1389.3050420168067
78906183	1389.8025210084033
78995519	1390.2210084033613
79084931	1390.721848739496
79174257	1391.1823529411765
79263648	1391.6436974789917
79352982	1392.047899159664
79442399	1392.626050420168
79531730	1393.027731092437
79621100	1393.4773109243697
79710458	1393.920168067227
79799849	1394.3579831932773
79889195	1394.7445378151263
79978593	1395.3025210084033
80067923	1395.8067226890757
80157325	1396.103361344538
80246653	1396.5705882352943
80336063	1397.120168067227
80425401	1397.5605042016807
80514793	1398.1394957983193
80604140	1398.609243697479
80693519	1399.0655462184873
80782858	1399.4605042016806
80872249	1399.9731092436975
80961592	1400.463025210084
81050990	1400.918487394958
81140332	1401.3689075630252
81229717	1401.7857142857142
81319042	1402.1941176470589
81408459	1402.710924369748
81497809	1403.2025210084032
81587179	1403.6193277310924
81676522	1404.1571428571428
81765909	1404.546218487395
81855250	1405.0840336134454
81945449	1405.5554621848742
82033971	1405.9478991596638
82125004	1406.4689075630254
82212701	1406.9605042016806
82302077	1407.4235294117648
82391441	1407.9008403361345
82480793	1408.4302521008403
82570179	1408.883193277311
82659544	1409.3420168067228
82748918	1409.7789915966387
82838281	1410.2974789915966
82927665	1410.846218487395
83017018	1411.2899159663866
83106382	1411.6991596638657
83195772	1412.2
83285106	1412.7235294117647
83374489	1413.1142857142856
83463842	1413.7243697478993
83553236	1414.1403361344537
83642587	1414.564705882353
83731976	1415.068067226891
83821319	1415.4899159663867
83910703	1416.0453781512606
84000055	1416.5991596638655
84089435	1416.972268907563
84178782	1417.4394957983193
84268151	1417.9815126050419
84357525	1418.4697478991598
84446906	1418.920168067227
84536240	1419.4252100840336
84625637	1419.9344537815125
84714972	1420.336974789916
84804364	1420.8554621848739
84893712	1421.310924369748
84983101	1421.8596638655463
85072460	1422.2932773109244
85161840	1422.7319327731093
85251184	1423.2529411764706
85340588	1423.6689075630252
85429931	1424.1932773109243
85519317	1424.6857142857143
85608659	1425.141176470588
85698054	1425.6159663865546
85787409	1426.0873949579834
85876810	1426.7529411764706
85966236	1755.9075630252103
86363613	1429.2546218487396
86452979	1429.8436974789915
86542511	1430.3529411764705
86631721	1430.7420168067229
86721120	1431.2319327731093
86810459	1431.7747899159663
86899849	1432.190756302521
86989195	1432.6857142857143
87078598	1433.0806722689076
87167951	1433.5420168067226
87257348	1433.9487394957982
87346698	1434.4487394957982
87436100	1434.853781512605
87525442	1435.3470588235296
87615371	1435.9050420168069
87704188	1436.3554621848739
87795239	1436.9504201680672
87882937	1437.427731092437
87972294	1437.8890756302521
88061678	1438.2915966386554
88151036	1438.7680672268907
88240417	1439.2302521008403
88329790	1439.7957983193278
88419153	1440.290756302521
88508507	1440.720168067227
88597896	1441.2747899159663
88687265	1441.753781512605
88776640	1442.1697478991598
88866018	1442.6806722689075
88955372	1443.1226890756302
89044751	1443.6655462184874
89134099	1444.1394957983193
89223500	1444.5689075630253
89312833	1445.0857142857144
89402231	1445.4966386554622
89491586	1446.0890756302522
89580979	1446.5403361344538
89670329	1447.0949579831931
89759721	1447.5823529411766
89849050	1448.1117647058823
89938458	1448.50756302521
90027789	1449.0840336134454
90117181	1449.5117647058823
90206528	1449.9697478991595
90295917	1450.5378151260504
90385252	1450.9739495798322
90474646	1451.3890756302521
90564007	1451.9663865546217
90653392	1452.4915966386554
90742721	1452.9781512605043
90832107	1453.3731092436974
90921452	1453.9731092436975
91010862	1454.6327731092435
91100194	1455.1563025210085
91189593	1455.581512605042
91278943	1456.0663865546219
91368333	1456.40756302521
91457673	1456.8445378151262
91547078	1457.4361344537815
91636413	1457.9596638655462
91725974	1458.5310924369749
92123835	1460.6806722689075
92213187	1461.027731092437
92302743	1461.5789915966386
92391932	1461.9638655462186
92481334	1462.603361344538
92570677	1463.0680672268907
92660075	1463.40756302521
92749429	1463.9411764705883
92838825	1464.4638655462186
92928187	1464.964705882353
93017564	1465.4957983193278
93106930	1465.9605042016806
93196337	1466.4689075630251
93285677	1467.0008403361344
93375369	1467.5504201680671
93464417	1467.8966386554623
93555321	1468.4806722689075
93643171	1468.9159663865546
93732530	1469.2865546218488
93821900	1469.7873949579832
93911288	1470.2596638655461
94000662	1470.7655462184873
94090012	1471.2369747899158
94179411	1471.7974789915968
94268753	1472.290756302521
94358145	1472.8294117647058
94447503	1473.3176470588237
94536865	1473.7789915966387
94626242	1474.1731092436976
94715596	1474.7260504201681
94804989	1475.1714285714286
94894342	1475.6773109243697
94983727	1476.1487394957983
95073088	1476.8100840336135
95162489	1477.1394957983193
95251838	1477.6504201680673
95341239	1478.1563025210085
95430582	1478.6327731092438
95519972	1479.1554621848738
95609319	1479.6126050420169
95698734	1480.227731092437
95788041	1480.6336134453782
95877463	1481.046218487395
95966802	1481.5176470588235
96056200	1482.1159663865546
96145556	1482.4789915966387
96234931	1483.0621848739497
96324276	1483.5865546218488
96413668	1484.0789915966388
96503020	1484.5319327731092
96592406	1484.9915966386557
96681746	1485.510924369748
96771148	1485.8907563025211
96860494	1486.475630252101
96949871	1486.938655462185
97039217	1487.4100840336134
97128633	1487.846218487395
97217966	1488.3882352941177
97307355	1488.963025210084
97396694	1489.3411764705884
97486242	1489.8008403361346
97575418	1490.318487394958
97664825	1490.7848739495798
97754180	1491.2327731092437
97843566	1491.563025210084
97932919	1492.2176470588236
98022313	1492.7563025210086
98111651	1493.1563025210085
98201039	1493.5689075630253
98290394	1494.1731092436976
98379796	1494.6210084033612
98469140	1495.11512605042
98558530	1495.5109243697477
98647891	1496.138655462185
98737287	1496.5336134453783
98826621	1496.9991596638656
98916009	1497.5394957983192
99005339	1498.1394957983193
99094744	1498.6243697478992
99184101	1499.0890756302522
99273481	1499.4621848739496
99362832	1500.0731092436974
99452234	1500.4840336134455
99541572	1501.0319327731092
99630977	1501.229411764706
99720316	1501.835294117647
99810295	1502.3126050420167
99899043	1502.8008403361346
99990122	1594.1680672268908
100386062	1505.2714285714285
100475415	1505.8453781512605
100564805	1506.3756302521008
100654161	1506.7537815126052
100743553	1507.1974789915967
100832888	1507.7268907563025
100922277	1508.2579831932774
101011631	1508.601680672269
101101039	1509.116806722689
101190380	1509.483193277311
101279773	1510.0386554621848
101369117	1510.4268907563026
101458516	1510.8605042016807
101547858	1511.421848739496
101637266	1511.8915966386555
101726611	1512.4075630252103
101815996	1512.8058823529411
101905342	1513.2588235294118
101994728	1513.766386554622
102084065	1514.2378151260505
102173455	1514.7420168067226
102262807	1515.0159663865545
102352202	1515.6268907563026
102441549	1516.18487394958
102530930	1516.5563025210083
102620276	1517.0915966386553
102709671	1517.5436974789916
102799017	1518.1663865546218
102888420	1518.5420168067228
102977754	1518.927731092437
103067167	1519.4176470588236
103156494	1519.9571428571428
103245889	1520.481512605042
103335232	1520.9285714285713
103424616	1521.3302521008404
103513981	1521.812605042017
103603377	1522.2697478991597
103692713	1522.644537815126
103782101	1523.2159663865546
103871448	1523.6000000000001
103960823	1524.0899159663866
104050165	1524.5781512605042
104139576	1524.9705882352941
104228912	1525.4941176470588
104318316	1525.910924369748
104407658	1526.4857142857143
104497071	1526.8966386554623
104586414	1527.3075630252101
104675820	1527.846218487395
104765160	1528.3420168067228
104854548	1528.7798319327733
104943895	1529.2218487394957
105033285	1529.7378151260505
105122649	1530.2100840336136
105212030	1530.6521008403363
105301380	1531.0915966386556
105390782	1531.6294117647058
105480120	1532.164705882353
105570276	1532.5647058823529
105658857	1533.0789915966386
105749921	1533.5159663865547
106146036	1535.6529411764704
106235403	1536.1563025210085
106324768	1536.527731092437
106414129	1536.9957983193278
106503535	1537.526050420168
106592882	1538.1
106682291	1538.4865546218487
106771642	1538.9579831932772
106861036	1539.5042016806724
106950381	1540.027731092437
107039783	1540.4436974789915
107129122	1541.0159663865545
107218535	1541.4722689075631
107307859	1541.9117647058824
107397264	1542.2361344537815
107486614	1542.9142857142858
107576002	1543.4638655462186
107665355	1543.9747899159663
107754740	1544.4226890756304
107844083	1544.8428571428572
107933500	1545.3621848739497
108022824	1545.8470588235293
108112239	1546.3873949579831
108201546	1546.8697478991598
108290959	1547.353781512605
108380302	1547.8193277310925
108469684	1548.3714285714284
108559105	1548.9134453781514
108648434	1549.464705882353
108737766	1549.8319327731092
108827166	1550.5050420168068
108916514	1551.0126050420167
109006026	1551.4495798319326
109095254	1551.9789915966387
109184645	1552.4252100840336
109273995	1553.0176470588235
109363375	1553.436974789916
109452710	1554.0470588235294
109542120	1554.5117647058823
109631450	1554.9781512605043
109720855	1555.3966386554623
109810193	1556.1210084033614
109899598	1556.4579831932772
109988935	1556.9033613445379
110078333	1557.4596638655462
110167674	1557.8697478991596
110257065	1558.357142857143
110346419	1558.6915966386555
110435785	1559.2394957983192
110525139	1559.773949579832
110614541	1560.1201680672268
110703893	1560.7378151260505
110793277	1561.2016806722688
110882618	1561.8428571428572
110972008	1562.2268907563025
111061374	1562.603361344538
111150753	1563.0042016806722
111240097	1563.5806722689076
111330248	1564.09243697479
111418839	1564.4957983193278
111509869	1566.3689075630252
111906006	1566.973949579832
111995375	1567.509243697479
112084764	1567.9067226890757
112174107	1568.3126050420167
112263508	1568.7764705882353
112352850	1569.281512605042
112442249	1569.6084033613447
112531602	1570.0142857142857
112620981	1570.4823529411765
112710339	1570.9352941176471
112799725	1571.475630252101
112889088	1571.8974789915967
112978481	1572.2613445378151
113067834	1572.7764705882353
113157219	1573.1966386554623
113246569	1573.6722689075632
113335952	1574.147899159664
113425312	1574.5075630252102
113514691	1575.009243697479
113604029	1575.346218487395
113693443	1575.8705882352942
113782789	1576.2932773109244
113872163	1576.652100840336
113961535	1577.2100840336136
114050908	1577.6268907563026
114140268	1578.0672268907565
114229654	1578.533613445378
114319112	1578.978151260504
114408396	1579.4546218487394
114497751	1579.9159663865546
114587135	1580.2899159663866
114676477	1580.6957983193279
114765874	1581.1571428571428
114855229	1581.6680672268908
114944611	1582.0663865546219
115033980	1582.5445378151262
115123372	1583.09243697479
115212700	1583.4932773109244
115302110	1583.8789915966388
115391450	1584.2714285714285
115480821	1584.8210084033612
115570193	1585.2
115659581	1585.7672268907563
115748922	1586.070588235294
115838306	1586.6252100840336
115927666	1586.938655462185
116017056	1587.463025210084
116106391	1587.9789915966387
116195794	1588.3966386554623
116285134	1588.8378151260506
116374528	1589.2941176470588
116463860	1589.7428571428572
116553260	1590.1663865546218
116642610	1590.7109243697478
116732009	1590.9411764705883
116821358	1591.3563025210083
116910738	1591.957142857143
117000085	1592.436974789916
117090221	1592.8764705882352
117178824	1593.3134453781513
117269878	1593.8411764705884
117357543	1594.2806722689077
117446931	1594.7050420168068
117536315	1595.303361344538
117625674	1595.7142857142858
117715050	1596.190756302521
117804416	1596.5941176470587
117893782	1597.1
117983139	1597.6504201680673
118072531	1598.0210084033613
118161908	1598.4848739495797
118251268	1599.0966386554621
118340642	1599.526050420168
118430005	1599.8411764705882
118519399	1600.303361344538
118608747	1600.809243697479
118698152	1601.1798319327731
118787493	1601.7
118876877	1602.1596638655462
118966239	1602.6159663865546
119055616	1603.1252100840336
119144985	1603.524369747899
119234366	1603.975630252101
119323713	1604.3806722689076
119413092	1604.88487394958
119502525	1605.3268907563024
119591823	1605.7210084033613
119681195	1606.1268907563026
119770575	1606.5621848739495
119859933	1607.0991596638657
119949304	1607.5420168067226
120038647	1608.1
120128044	1608.2789915966387
120217390	1608.7487394957984
120306777	1609.2176470588236
120396134	1609.5865546218488
120485535	1610.1134453781513
120574865	1610.60756302521
120664259	1610.942857142857
120753597	1611.2991596638656
120843004	1611.8302521008404
120932344	1612.1100840336135
121021734	1612.5647058823529
121111080	1612.981512605042
121200470	1613.3697478991598
121289810	1613.7117647058824
121379215	1614.0932773109243
121468535	1614.4596638655464
121557941	1614.9731092436975
121647284	1615.39243697479
121736674	1615.8563025210083
121826011	1616.2033613445378
121915406	1616.649579831933
122004758	1616.9697478991598
122094145	1617.4025210084035
122183496	1617.8781512605044
122272881	1618.1949579831933
122362241	1618.7428571428572
122451636	1619.1411764705883
122540979	1619.4243697478992
122630358	1619.8394957983194
122719705	1620.2134453781514
122809110	1620.6588235294118
122898447	1621.1579831932775
122987846	1621.49243697479
123077201	1621.9243697478992
123166583	1622.3302521008404
123255940	1622.7470588235294
123345330	1623.3025210084033
123434677	1623.7260504201681
123524715	1623.921848739496
123613424	1624.4546218487396
123702957	1624.8672268907565
123792145	1625.2529411764706
123881509	1625.6865546218487
123970886	1626.1117647058825
124060243	1626.501680672269
124149609	1626.972268907563
124238975	1627.426050420168
124328375	1627.7210084033613
124417715	1628.089075630252
124507103	1628.581512605042
124596476	1628.9033613445379
124685814	1629.353781512605
124775196	1629.7588235294118
124864555	1630.189075630252
124953953	1630.6823529411765
125043291	1631.0378151260504
125132677	1631.4857142857143
125222029	1631.8621848739494
125311448	1632.2285714285715
125400789	1632.652100840336
125490175	1633.0109243697477
125579504	1633.4638655462184
125668896	1633.9428571428573
125758244	1634.372268907563
125847644	1634.6378151260506
125936994	1635.0512605042018
126026383	1635.4949579831932
126115728	1635.898319327731
126205127	1636.173949579832
126294452	1636.603361344538
126383848	1636.9504201680672
126473207	1637.3470588235293
126562573	1637.8302521008404
126651927	1638.2134453781512
126741321	1638.5588235294117
126830651	1638.9605042016808
126920056	1639.2672268907563
127009389	1639.664705882353
127098778	1640.0336134453783
127188123	1640.3731092436976
127277519	1640.7756302521009
127366838	1641.1243697478992
127456253	1641.429411764706
127545576	1641.883193277311
127634983	1642.2176470588236
127724320	1642.5588235294117
127813717	1642.894117647059
127903055	1643.183193277311
127992447	1643.5663865546219
128081792	1644.0193277310925
128171189	1644.3579831932773
128260533	1644.7537815126052
128349939	1645.0915966386556
128439277	1645.4050420168066
128528662	1645.6865546218487
128618001	1646.0058823529412
128707416	1646.3285714285714
128796763	1646.7512605042018
128886156	1647.1596638655462
128975493	1647.501680672269
129064889	1647.8117647058823
129154233	1648.1764705882354
129243626	1648.4915966386554
129332972	1648.7008403361344
129422523	1649.0957983193277
129511720	1649.3899159663865
129601105	1649.7588235294118
129690452	1650.0756302521008
129780091	1650.444537815126
129869186	1650.727731092437
129960074	1651.1134453781513
130047925	1651.4344537815127
130137306	1651.8638655462187
130226677	1652.190756302521
130316030	1652.3218487394959
130405411	1652.7016806722688
130494781	1653.0386554621848
130584158	1653.290756302521
130673503	1653.638655462185
130762900	1654.0058823529412
130852255	1654.3
130941627	1654.5714285714287
131030987	1654.8361344537816
131120354	1655.1521008403363
131209724	1655.4882352941177
131299099	1655.8302521008404
131388502	1656.1109243697479
131477851	1656.3899159663865
131567247	1656.6420168067227
131656604	1656.9008403361345
131745991	1657.18487394958
131835338	1657.5168067226891
131924719	1657.7957983193278
132014087	1658.0588235294117
132103463	1658.3579831932773
132192825	1658.7529411764706
132282208	1659.010924369748
132371560	1659.2764705882353
132460948	1659.6117647058825
132550308	1659.920168067227
132639694	1660.1747899159664
132729038	1660.4621848739496
132818435	1660.789075630252
132907780	1661.1260504201682
132997173	1661.2949579831934
133086525	1661.6168067226893
133175921	1661.8579831932775
133265263	1662.166386554622
133354670	1662.4697478991595
133444011	1662.772268907563
133533410	1663.0226890756303
133622760	1663.2731092436975
133712149	1663.5176470588235
133801506	1663.7689075630253
133890897	1664.152100840336
133980242	1664.4218487394958
134069630	1664.6529411764704
134158982	1664.9781512605043
134248364	1665.279831932773
134337721	1665.4638655462186
134427121	1665.7176470588236
134516463	1666.0210084033615
134605997	1666.3949579831933
134695199	1666.5966386554621
134784593	1666.8218487394959
134873947	1667.1084033613445
134963332	1667.4142857142856
135052676	1667.7268907563025
135142087	1667.9773109243697
135231426	1668.2226890756303
135320812	1668.438655462185
135410164	1668.7252100840335
135499571	1669.010924369748
135588899	1669.2605042016808
135678306	1669.50756302521
135767658	1669.736974789916
135857047	1669.9957983193278
135946385	1670.2899159663866
136035787	1670.4848739495799
136125133	1670.733613445378
136215057	1670.9680672268908
136303895	1671.2672268907563
136394794	1755.9075630252103
136790803	1672.5579831932773
136880175	1672.810924369748
136969569	1673.0966386554621
137058924	1673.2932773109244
137148318	1673.6579831932775
137237649	1673.944537815126
137327042	1674.1445378151261
137416403	1674.3504201680673
137505802	1674.7512605042016
137595152	1674.9949579831932
137684541	1675.2159663865548
137773890	1675.5621848739497
137863273	1675.8411764705882
137952622	1676.1
138042005	1676.3966386554623
138131372	1676.6621848739496
138220755	1676.942857142857
138310102	1677.231092436975
138399503	1677.5058823529412
138488849	1677.7764705882355
138578240	1678.0042016806724
138667585	1678.2983193277312
138757001	1678.609243697479
138846329	1678.9495798319329
138935742	1679.3344537815126
139025080	1679.4966386554622
139114483	1679.7168067226892
139203818	1679.972268907563
139293200	1680.2563025210086
139382556	1680.536974789916
139471942	1680.7747899159665
139561292	1681.153781512605
139650684	1681.4680672268908
139740015	1681.7252100840335
139829425	1681.9899159663867
139918764	1682.3319327731092
140008149	1682.4789915966387
140097500	1682.7025210084034
140186913	1682.9924369747898
140276249	1683.209243697479
140365648	1683.4243697478992
140454997	1683.7521008403362
140544378	1684.001680672269
140633724	1684.2504201680672
140723124	1684.5159663865547
140812476	1684.7579831932774
140901856	1684.9478991596638
140991195	1685.173949579832
141080599	1685.3789915966388
141169950	1685.6924369747899
141259328	1686.0117647058823
141348686	1686.2445378151263
141438078	1686.4226890756304
141527437	1686.7159663865546
141616806	1686.9806722689077
141706178	1687.1504201680673
141795559	1687.487394957983
141884896	1687.5957983193277
141975034	1687.8789915966388
142063642	1688.0983193277311
142154704	1690.2008403361344
142550788	1689.455462184874
142640155	1689.710924369748
142729550	1689.8815126050422
142818912	1690.1243697478992
142908303	1690.4579831932774
142997655	1690.6621848739496
143087042	1690.8546218487395
143176397	1691.0117647058823
143265801	1691.2596638655461
143355138	1691.5378151260504
143444532	1691.7756302521009
143533889	1691.964705882353
143623274	1692.3050420168067
143712635	1692.49243697479
143802033	1692.6823529411765
143891383	1692.8394957983194
143980776	1693.0747899159664
144070102	1693.2932773109244
144159519	1693.5386554621848
144248870	1693.8042016806723
144338256	1693.9747899159663
144427618	1694.1747899159664
144517001	1694.4361344537815
144606350	1694.647899159664
144695754	1694.8655462184875
144785113	1695.0655462184873
144874491	1695.2890756302522
144963820	1695.536974789916
145053228	1695.7512605042016
145142584	1695.978151260504
145231980	1696.1983193277313
145321324	1696.357142857143
145410712	1696.4563025210084
145500064	1696.7151260504202
145589473	1696.9487394957982
145678872	1697.155462184874
145768200	1697.3840336134454
145857547	1697.5756302521008
145946946	1697.763025210084
146036301	1698.0235294117647
146125680	1698.2764705882353
146215042	1698.5134453781513
146304418	1698.7436974789916
146393778	1698.9117647058822
146483183	1699.0411764705882
146572531	1699.2932773109244
146661916	1699.5756302521008
146751263	1699.7100840336134
146840659	1699.863025210084
146929995	1700.0789915966386
147019420	1700.2655462184875
147108747	1700.509243697479
147198146	1700.755462184874
147287479	1700.9563025210084
147376887	1701.2151260504202
147466211	1701.3403361344538
147555619	1701.5100840336136
147644951	1701.735294117647
147735016	1701.9966386554622
147823703	1702.1806722689075
147914314	1702.3865546218487
148002454	1702.5655462184875
148091827	1702.7268907563025
148181201	1702.852100840336
148270576	1702.989075630252
148359931	1703.2487394957984
148449295	1703.436974789916
148538672	1703.6201680672268
148628048	1703.8327731092436
148717409	1703.9462184873948
148806777	1704.146218487395
148896140	1704.4126050420168
148985508	1704.5991596638655
149074881	1704.764705882353
149164256	1705.0235294117647
149253606	1705.1663865546218
149343001	1705.2915966386556
149432342	1705.4773109243697
149521741	1705.7008403361347
149611071	1705.8605042016807
149700472	1706.0033613445378
149789828	1706.2134453781514
149879210	1706.520168067227
149968555	1706.6462184873951
150057948	1706.7563025210084
150147277	1707.0235294117647
150236686	1707.2420168067226
150326024	1707.3075630252101
150415408	1707.3857142857144
150504748	1707.6336134453782
150594141	1707.9243697478992
150683500	1708.0957983193277
150772878	1708.2117647058824
150862296	1708.3663865546218
150951617	1708.6092436974789
151040968	1708.8319327731092
151130375	1708.972268907563
151219694	1709.1831932773111
151309102	1709.4226890756302
151398437	1709.6159663865546
151487835	1709.7394957983192
151577195	1709.855462184874
151666579	1710.0420168067228
151755912	1710.2840336134454
151845310	1710.444537815126
151934631	1710.5773109243698
152024053	1710.6848739495797
152113397	1710.847899159664
152202779	1711.0487394957984
152292124	1711.2663865546217
152381516	1711.440336134454
152470860	1711.5663865546219
152560244	1711.7537815126052
152649597	1711.9285714285713
152738975	1712.0731092436974
152828332	1712.1764705882354
152917738	1712.444537815126
153007081	1712.5705882352943
153096454	1712.710924369748
153185815	1712.931932773109
153275194	1713.1134453781513
153364537	1713.2983193277312
153453921	1713.4697478991598
153543265	1713.5453781512604
153632672	1713.6663865546218
153722006	1713.864705882353
153811416	1714.061344537815
153900739	1714.2361344537815
153990132	1714.4302521008403
154079491	1714.5932773109243
154169914	1714.7495798319328
154258210	1714.8621848739494
154347772	1714.9966386554622
154436962	1715.2210084033613
154526353	1715.31512605042
154615718	1715.4058823529413
154705079	1715.649579831933
154794456	1715.8268907563026
154883815	1715.9714285714288
154973199	1716.1193277310924
155062552	1716.264705882353
155151938	1716.3621848739497
155241303	1716.5084033613446
155330672	1716.6411764705883
155420030	1716.7621848739495
155509385	1716.8336134453782
155598928	1716.9638655462184
155688142	1717.094117647059
155777549	1717.2100840336134
155866874	1717.3966386554623
155956270	1717.5495798319328
156045626	1717.6470588235295
156134999	1717.663025210084
156224359	1717.7344537815127
156313744	1717.8176470588235
156403091	1717.8411764705882
156492489	1718.0310924369749
156581831	1718.198319327731
156671226	1718.2310924369747
156760575	1718.3680672268908
156849958	1718.355462184874
156939317	1718.4285714285716
157028708	1718.5848739495798
157118045	1718.5857142857142
157207463	1718.6218487394958
157296791	1718.7579831932771
157386199	1718.716806722689
157475537	1718.8302521008402
157564920	1718.9016806722689
157654266	1718.855462184874
157743661	1718.9806722689075
157833005	1719.0252100840337
157922410	1718.9621848739496
158011749	1719.035294117647
158101146	1719.1252100840336
158190497	1719.0168067226891
158279876	1719.055462184874
158369236	1719.235294117647
158458611	1719.209243697479
158547970	1719.1941176470586
158637341	1719.316806722689
158726689	1719.3882352941175
158816091	1719.3436974789915
158905439	1719.370588235294
158994852	1719.4596638655462
159084190	1719.4201680672268
159173580	1719.4966386554622
159262933	1719.5168067226891
159352310	1719.5151260504201
159441666	1719.5907563025212
159531072	1719.653781512605
159620399	1719.603361344538
159709781	1719.6100840336135
159799142	1719.6378151260503
159888538	1719.568067226891
159977873	1719.527731092437
160067269	1719.6781512605041
160156608	1719.6420168067227
160246021	1719.6386554621847
160335355	1719.646218487395
160424908	1719.6352941176472
160514086	1719.5882352941176
160604907	1719.5932773109243
160692830	1719.5857142857144
160782311	461.9923529411765
161179598	1719.818487394958
161268973	1719.7915966386554
161358500	1719.8957983193277
161756160	1719.8361344537816
161845527	1719.9226890756304
161934927	1719.7840336134452
162024264	1719.7789915966387
162113649	1719.8176470588237
162202997	1719.9361344537815
162292399	1719.8974789915967
162381769	1719.89243697479
162471143	1719.9042016806723
162560508	1719.89243697479
162649892	1720.010924369748
162739230	1720.012605042017
162828631	1719.9235294117648
162917986	1719.9436974789917
163007368	1719.9252100840336
163096735	1719.8915966386555
163186124	1719.953781512605
163275467	1720.0781512605042
163364847	1719.9361344537815
163454210	1720.0025210084034
163543600	1720.1235294117646
163632941	1720.0899159663866
163722344	1720.0310924369749
163811669	1719.989075630252
163901087	1720.033613445378
163990432	1719.9731092436975
164079804	1719.9411764705883
164169162	1720.0327731092436
164258548	1720.0655462184873
164347892	1719.9672268907564
164437273	1720.0050420168068
164526614	1720.0697478991597
164616020	1720.0621848739497
164705375	1720.0857142857144
164794773	1720.0647058823529
164884107	1720.152100840336
164973511	1720.1420168067227
165062841	1720.2134453781514
165152246	1720.1815126050421
165241592	1720.146218487395
165330982	1720.1781512605041
165420334	1720.1966386554623
165509720	1720.2478991596638
165599075	1720.229411764706
165689871	1720.2924369747898
165777807	1720.3268907563026
165867183	1720.268907563025
165956551	1720.2865546218488
166045920	1720.3
166135300	1720.318487394958
166224653	1720.2915966386554
166314039	1720.2781512605043
166403415	1720.2680672268907
166492780	1720.255462184874
166582138	1720.2974789915966
166671535	1720.2621848739498
166760896	1720.1655462184874
166850254	1720.2655462184873
166939635	1720.2731092436975
167028985	1720.163025210084
167118407	1720.164705882353
167207718	1720.2151260504202
167297117	1720.1815126050421
167386453	1720.244537815126
167475854	1720.3420168067228
167565203	1720.3252100840336
167654591	1720.3361344537816
167743927	1720.2630252100842
167833342	1720.3899159663865
167922669	1720.4176470588236
168012076	1720.4151260504202
168101418	1720.39243697479
168190822	1720.3176470588237
168280163	1720.3705882352942
168369550	1720.4630252100842
168458905	1720.4336134453781
168548302	1720.4840336134455
168637642	1720.4638655462186
168727036	1720.4201680672268
168816373	1720.4344537815127
168905780	1720.4638655462186
168995125	1720.4714285714288
169084522	1720.4218487394958
169173877	1720.4042016806723
169263255	1720.4436974789917
169352590	1720.5453781512606
169441996	1720.4596638655462
169531343	1720.381512605042
169620745	1720.457142857143
169710073	1720.38487394958
169799472	1720.4285714285713
169888805	1720.4529411764706
169978187	1720.375630252101
170067526	1720.4613445378152
170156932	1720.4798319327733
170246265	1720.3949579831933
170335653	1720.3781512605042
170425008	1720.4260504201682
170514393	1720.3504201680673
170603737	1720.4109243697478
170693116	1720.429411764706
170782484	1720.4966386554622
170871856	1720.4546218487394
170961211	1720.4201680672268
171050607	1720.4596638655462
171139952	1720.5025210084034
171229357	1720.4613445378152
171318672	1720.4050420168066
171408089	1720.3689075630252
171497420	1720.3310924369748
171586812	1720.3605042016807
171676154	1720.4453781512605
171765549	1720.466386554622
171854897	1720.5193277310923
171944835	1720.4865546218487
172033622	1720.3949579831933
172124679	1720.310924369748
172212366	1720.3873949579831
172301836	1720.3865546218487
172391113	1720.3680672268908
172480473	1720.3806722689076
172569864	1720.4344537815127
172659197	1720.478151260504
172748594	1720.4394957983195
172837941	1720.4579831932774
172927322	1720.431092436975
173016693	1720.3840336134454
173106059	1720.3100840336135
173195417	1720.440336134454
173284776	1720.5705882352943
173374159	1720.5
173463544	1720.4873949579833
173552923	1720.4504201680672
173642265	1720.4176470588236
173731667	1720.4705882352941
173821002	1720.5319327731092
173910391	1720.431092436975
173999743	1720.4134453781512
174089126	1720.4285714285713
174178476	1720.4453781512605
174267853	1720.561344537815
174357224	1720.5268907563025
174446600	1720.5151260504201
174535936	1720.466386554622
174625343	1720.4613445378152
174714678	1720.4848739495799
174804079	1720.4478991596638
174893412	1720.4596638655462
174982810	1720.4176470588236
175072152	1720.3899159663865
175161549	1720.4176470588236
175250889	1720.4235294117648
175340287	1720.4731092436975
175429622	1720.4394957983195
175519024	1720.4361344537815
175608363	1720.536974789916
175697767	1720.478151260504
175787106	1720.4689075630251
175876503	1720.5495798319328
175965829	1720.561344537815

