44068204	1356.5310924369749
44157687	1356.4974789915966
44247229	1356.524369747899
44336690	1356.5428571428572
44426209	1356.5319327731092
44515670	1356.4176470588236
44605200	1356.39243697479
44694680	1356.440336134454
44784207	1356.4663865546217
44873686	1356.481512605042
44963213	1356.4638655462186
45052673	1356.4243697478992
45142206	1356.510924369748
45231684	1356.5184873949581
45321218	1356.5151260504201
45410679	1356.6142857142859
45500210	1356.6058823529413
45589701	1356.5403361344538
45679204	1356.4966386554622
45768685	1356.5058823529412
45858451	1356.5394957983192
45947692	1356.4899159663864
46038462	1356.4453781512607
46126701	1356.5336134453783
46217857	1356.5151260504201
46614763	1356.5420168067228
46704253	1356.5184873949581
46793768	1356.5294117647059
46883256	1356.5319327731092
46972759	1356.4941176470588
47062243	1356.5336134453783
47151771	1356.568067226891
47241232	1356.5638655462185
47330762	1356.5310924369749
47420221	1356.5058823529412
47509736	1356.5386554621848
47599216	1356.5865546218488
47688720	1356.563025210084
47778197	1356.5546218487395
47867716	1356.5210084033613
47957180	1356.6731092436976
48046694	1356.7957983193278
48136171	1357.0857142857144
48225708	1357.4689075630251
48315171	1357.7966386554622
48404685	1358.10756302521
48494158	1358.4605042016806
48583672	1358.8336134453782
48673137	1359.263025210084
48762660	1359.8218487394959
48852143	1360.3361344537816
48941664	1360.789075630252
49031130	1361.3529411764705
49120650	1361.966386554622
49210113	1362.6352941176472
49299633	1363.2596638655461
49389122	1363.9865546218487
49478643	1364.6655462184874
49568123	1365.3731092436976
49657659	1366.152100840336
49747127	1366.9865546218487
49836657	1367.757142857143
49926105	1368.653781512605
50015648	1369.6319327731094
50105125	1370.4731092436975
50194648	1371.4176470588236
50284108	1372.3033613445377
50373629	1373.2495798319328
50463119	1374.2865546218488
50552642	1375.2008403361344
50642113	1376.1
50731636	1377.1193277310924
50821106	1378.0823529411764
50910621	1379.1201680672268
51000097	1380.146218487395
51089611	1381.079831932773
51179091	1381.9579831932774
51268623	1382.898319327731
51358098	1383.7420168067226
51447623	1384.603361344538
51537103	1385.553781512605
51626620	1386.394117647059
51716085	1387.31512605042
51805604	1388.247899159664
51895060	1388.9966386554622
51984601	1389.7974789915966
52074064	1390.6563025210085
52163593	1391.463025210084
52253063	1392.3268907563024
52342571	1393.2638655462185
52432059	1394.0563025210083
52521580	1394.8319327731092
52611033	1395.672268907563
52700576	1396.4042016806723
52790028	1397.2521008403362
52879551	1398.0857142857144
52969039	1398.9571428571428
53058554	1399.8546218487395
53148025	1400.5470588235296
53238381	1401.3705882352942
53327006	1402.1226890756304
53418186	1402.9260504201682
53506004	1403.7773109243697
53595524	1404.6117647058825
53685010	1405.4840336134455
53774580	1406.3084033613445
54172942	1410.0789915966386
54262437	1410.9630252100842
54351962	1411.8067226890755
54441425	1412.681512605042
54530954	1413.5319327731092
54620424	1414.3991596638655
54709959	1415.2394957983192
54799418	1416.0949579831934
54888960	1416.9067226890757
54978414	1417.9193277310926
55067946	1418.790756302521
55157419	1419.6260504201682
55246976	1420.4420168067227
55336408	1421.2252100840337
55425959	1422.2394957983192
55515429	1423.1193277310924
55604956	1424.0142857142857
55694531	1424.772268907563
55783953	1425.6613445378152
55873448	1426.6134453781513
55962965	1427.3378151260504
56052435	1428.2865546218488
56141964	1429.247899159664
56231430	1430.1176470588234
56320963	1431.026050420168
56410450	1431.9327731092437
56499956	1432.772268907563
56589421	1433.647899159664
56678961	1434.510924369748
56768429	1435.3907563025211
56857947	1436.2823529411764
56947437	1437.196638655462
57036953	1438.0285714285715
57126422	1438.972268907563
57215954	1439.846218487395
57305420	1440.746218487395
57394939	1441.6134453781513
57484424	1442.4705882352941
57573931	1443.3605042016807
57663404	1444.2218487394957
57752935	1445.1226890756302
57842411	1445.920168067227
57931937	1446.8210084033615
58021415	1447.7378151260505
58110920	1448.5789915966386
58200398	1449.4487394957985
58289932	1450.3117647058825
58379392	1451.1151260504203
58468921	1451.8899159663865
58558389	1452.8470588235293
58647920	1453.6915966386555
58737393	1454.5235294117647
58826915	1455.3932773109243
58916379	1456.081512605042
59005903	1456.8672268907565
59095382	1457.8378151260504
59184905	1458.7411764705882
59274370	1459.5268907563025
59363883	1460.4117647058824
59453379	1461.2731092436975
59542897	1462.0840336134454
59632363	1462.957142857143
59721879	1463.9042016806723
59811368	1464.7689075630253
59900893	1465.5907563025212
59990364	1466.4470588235292
60079890	1467.2798319327733
60169359	1468.0386554621848
60258879	1468.955462184874
60348343	1469.8672268907565
60438397	1470.7512605042016
60527332	1471.6663865546218
60618367	1472.4957983193278
60706325	1473.2672268907563
60795830	1474.1554621848738
60885340	1475.0210084033615
60974817	1475.838655462185
61064332	1476.7260504201681
61153811	1477.5899159663866
61243331	1478.4865546218487
61332802	1479.3310924369748
61422318	1480.0563025210085
61511797	1481.0403361344538
61601310	1482.0386554621848
61690797	1482.8
61780301	1483.5806722689076
61869784	1484.3411764705882
61959282	1485.2957983193278
62048771	1486.2033613445378
62138250	1486.966386554622
62227765	1487.7798319327733
62317243	1488.6680672268908
62406754	1489.5319327731092
62496234	1490.3453781512605
62585738	1491.1932773109245
62675209	1492.1714285714286
62764727	1492.9840336134455
62854215	1493.7613445378151
62943719	1494.6445378151261
63033188	1495.535294117647
63122720	1496.3361344537816
63212173	1497.2285714285715
63301703	1497.9613445378152
63391167	1498.7638655462185
63480681	1499.59243697479
63570162	1500.4168067226892
63659674	1501.1991596638654
63749143	1502.0949579831934
63838658	1502.9117647058822
63928122	1503.768907563025
64017646	1504.583193277311
64107122	1505.3655462184875
64196635	1506.2176470588236
64286114	1507.0327731092436
64375611	1507.8579831932775
64465092	1508.7168067226892
64554608	1509.5857142857142
64644089	1510.3235294117649
64733615	1511.0773109243698
64823059	1511.9352941176471
64912583	1512.7630252100842
65002041	1513.6773109243697
65091568	1514.5193277310925
65181044	1515.3865546218487
65270549	1516.2058823529412
65360029	1516.9941176470588
65449542	1517.7521008403362
65539006	1518.5563025210085
65628538	1519.3487394957983
65718010	1520.127731092437
65807520	1520.9327731092437
65896991	1521.7546218487394
65986526	1522.627731092437
66075970	1523.4394957983193
66165501	1524.1882352941177
66254968	1524.9117647058824
66344484	1525.7403361344539
66433963	1526.5848739495798
66523483	1527.335294117647
66612953	1528.1243697478992
66702559	1528.929411764706
66791946	1529.7100840336134
66881470	1530.5025210084034
66970941	1531.2327731092437
67060455	1532.079831932773
67149915	1532.8134453781513
67239448	1533.629411764706
67328916	1534.4613445378152
67418441	1535.246218487395
67507891	1536.1008403361345
67597424	1536.9142857142858
67686904	1537.7579831932774
67776405	1538.5403361344538
67865869	1539.3268907563024
67955415	1540.1067226890757
68044870	1540.931092436975
68134385	1541.710924369748
68223868	1542.4915966386554
68313389	1543.2991596638656
68402845	1544.0840336134454
68492910	1544.9042016806723
68581850	1545.7126050420168
68672991	1546.4470588235295
68760821	1547.2252100840337
68850320	1548.0890756302522
68939816	1548.7781512605043
69029305	1549.6327731092438
69118809	1550.4605042016808
69208301	1551.2764705882353
69297809	1552.1042016806723
69387288	1552.8806722689076
69476801	1553.718487394958
69566255	1554.4605042016806
69655761	1555.1882352941177
69745259	1555.99243697479
69834754	1556.8638655462184
69924270	1557.5638655462185
70013757	1558.396638655462
70103258	1559.3453781512605
70192741	1560.1873949579833
70282252	1560.9487394957982
70371736	1561.7344537815127
70461257	1562.601680672269
70550723	1563.3184873949579
70640254	1564.0050420168068
70729722	1564.909243697479
70819257	1565.7378151260505
70908721	1566.563025210084
70998256	1567.4210084033614
71087706	1568.2773109243697
71177232	1569.0126050420167
71266711	1569.7672268907563
71356233	1570.6268907563026
71445707	1571.5235294117647
71535238	1572.3529411764705
71624721	1573.1663865546218
71714230	1574.0159663865545
71803707	1574.8327731092436
71893235	1575.6873949579833
71982720	1576.4764705882353
72072237	1577.229411764706
72161700	1578.142857142857
72251223	1578.894117647059
72340693	1579.6403361344537
72430217	1580.4453781512605
72519705	1581.2756302521009
72609210	1582.089075630252
72698692	1582.883193277311
72788218	1583.8806722689076
72877698	1584.6756302521007
72967211	1585.5899159663866
73056673	1586.4579831932774
73146209	1587.247899159664
73235667	1587.936974789916
73325192	1588.7756302521009
73414674	1589.6058823529413
73504179	1590.4319327731093
73593667	1591.1773109243697
73683185	1592.0806722689076
73772675	1592.8579831932773
73862175	1593.6663865546218
73951640	1594.4857142857145
74041160	1595.3142857142857
74130650	1596.2058823529412
74220151	1596.9655462184874
74309643	1597.773949579832
74399153	1598.605882352941
74488615	1599.4420168067227
74578146	1600.347899159664
74667598	1601.142857142857
74757102	1601.9142857142858
74846592	1602.7050420168068
74936123	1603.524369747899
75025569	1604.4605042016806
75115100	1605.2983193277312
75204575	1605.918487394958
75294087	1606.853781512605
75383554	1607.7378151260505
75473087	1608.5008403361344
75562555	1609.2613445378151
75652073	1610.1411764705883
75741535	1610.9747899159663
75831058	1611.7058823529412
75920531	1612.5268907563025
76010037	1613.436974789916
76099498	1614.316806722689
76189018	1615.1100840336135
76278484	1615.7470588235294
76368399	1616.6436974789917
76457465	1617.6176470588234
76547834	1618.4008403361345
76636453	1619.2932773109244
76726110	1620.0739495798318
76815440	1620.9260504201682
76904952	1621.746218487395
76994442	1622.5075630252102
77083921	1623.335294117647
77173431	1624.1117647058823
77262918	1624.9285714285713
77352413	1625.8655462184875
77441925	1626.7966386554622
77531435	1627.6134453781513
77620903	1628.4193277310924
77710506	1629.166386554622
77799910	1630.0117647058823
77889410	1630.8840336134454
77978911	1631.6663865546218
78068391	1632.5957983193277
78157913	1633.4949579831932
78247393	1634.2596638655461
78336912	1635.1436974789915
78426362	1636.0058823529412
78515888	1636.8563025210083
78605362	1637.6731092436974
78694887	1638.4840336134455
78784359	1639.3319327731094
78873882	1640.3042016806723
78963342	1641.047899159664
79052861	1641.881512605042
79142362	1642.7680672268907
79231877	1643.5159663865547
79321343	1644.2243697478991
79410848	1645.152100840336
79500316	1646.0613445378153
79589850	1646.890756302521
79679303	1647.6941176470589
79768848	1648.429411764706
79858306	1649.2773109243699
79947834	1650.2193277310923
80037308	1651.0394957983194
80126825	1651.8789915966388
80216288	1652.6571428571428
80305815	1653.363025210084
80395277	1654.2983193277312
80484790	1655.038655462185
80574267	1655.790756302521
80663794	1656.5789915966386
80753277	1657.373949579832
80842788	1658.3142857142857
80932266	1659.1714285714286
81021786	1659.9773109243697
81111250	1660.6789915966388
81200759	1661.61512605042
81290245	1662.4487394957985
81379757	1663.0882352941178
81469243	1663.9815126050419
81558746	1664.7974789915966
81648232	1665.533613445378
81737755	1666.3504201680673
81827223	1667.0378151260504
81916739	1667.7983193277312
82006218	1668.6655462184874
82095723	1669.4705882352941
82185194	1670.3672268907565
82274721	1671.1655462184874
82364188	1671.9731092436975
82453713	1672.7428571428572
82543193	1673.4571428571428
82632702	1674.2025210084034
82722180	1675.0058823529412
82811687	1675.857142857143
82901170	1676.601680672269
82990672	1677.3714285714284
83080139	1678.0512605042018
83169667	1678.9394957983195
83259133	1679.744537815126
83348657	1680.4218487394958
83438124	1681.2008403361344
83527647	1681.9319327731093
83617107	1682.663025210084
83706640	1683.3798319327732
83796111	1684.1605042016809
83885621	1684.9848739495799
83975106	1685.6134453781515
84064628	1686.3260504201683
84154096	1687.0268907563025
84243619	1687.8117647058825
84333102	1688.5428571428572
84423247	1689.1966386554623
84512088	1689.9126050420168
84603234	1690.5991596638657
84691064	1691.2487394957984
84780552	1691.9411764705883
84870060	1692.5050420168066
84959550	1693.1823529411765
85049045	1693.9210084033614
85138525	1694.5579831932773
85228040	1695.2655462184873
85317518	1695.9226890756302
85407017	1696.5411764705882
85496506	1697.2428571428572
85586000	1697.9134453781514
85675500	1698.6361344537816
85764982	1699.301680672269
85854489	1699.9655462184874
85943978	1700.5142857142857
86033478	1701.1596638655462
86122952	1701.864705882353
86212459	1702.5025210084034
86301946	1703.103361344538
86391471	1703.8403361344538
86480921	1704.5369747899158
86570459	1705.2285714285715
86659913	1705.7932773109244
86749428	1706.4126050420168
86838898	1707.1226890756304
86928403	1707.866386554622
87017901	1708.6042016806723
87107395	1709.164705882353
87196868	1709.8764705882352
87286388	1710.6134453781515
87375853	1711.4319327731093
87465379	1712.0512605042015
87554856	1712.7823529411764
87644365	1713.3697478991598
87733851	1714.1243697478992
87823368	1714.9420168067227
87912809	1715.6579831932775
88002349	1716.3613445378153
88091824	1717.0487394957984
88181350	1717.673949579832
88270850	1718.3420168067228
88360338	1719.1294117647058
88449809	1719.8285714285714
88539319	1720.568067226891
88628792	1721.4058823529413
88718473	1722.1386554621847
88807762	1722.8058823529414
88897303	1723.510924369748
88986755	1724.1882352941177
89076278	1724.8756302521008
89165761	1725.5260504201683
89255277	1726.227731092437
89344722	1727.0218487394957
89434251	1727.7042016806722
89523732	1728.2453781512606
89613241	1728.8764705882352
89702717	1729.5285714285715
89792238	1730.1285714285716
89881711	1730.7798319327733
89971226	1731.5403361344538
90060699	1732.2168067226892
90150222	1732.8781512605042
90239687	1733.4840336134455
90329211	1734.009243697479
90418687	1734.6915966386555
90508189	1735.3210084033615
90597648	1735.9655462184874
90687181	1736.5563025210083
90776645	1737.1109243697479
90866162	1737.698319327731
90955652	1738.3806722689073
91045151	1738.8840336134454
91134634	1739.372268907563
91224139	1739.896638655462
91313612	1740.4621848739496
91403145	1741.0983193277311
91492617	1741.6210084033614
91582121	1742.2142857142858
91671595	1742.7067226890756
91761132	1743.1899159663867
91850599	1743.7
91940107	1744.2134453781514
92029583	1744.812605042017
92119112	1745.363025210084
92208584	1745.7890756302522
92298224	1746.3949579831933
92387564	1746.8117647058825
92478243	1747.355462184874
92566578	1747.9
92657721	1748.3235294117649
92745547	1748.861344537815
92835037	1749.4663865546217
92924545	1749.973949579832
93014021	1750.4621848739498
93103519	1750.9915966386554
93193007	1751.4764705882353
93282510	1751.9058823529413
93372011	1752.3563025210085
93461534	1752.9058823529413
93551006	1753.4521008403362
93640499	1753.9235294117645
93730007	1754.49243697479
93819498	1755.0117647058823
93909012	1755.581512605042
93998470	1755.9840336134455
94087976	1756.4058823529413
94177477	1756.8478991596637
94266947	1757.4882352941177
94356476	1757.9983193277312
94445975	1758.5268907563025
94535440	1758.9714285714285
94624966	1759.4142857142858
94714441	1759.8058823529411
94803952	1760.2378151260505
94893433	1760.6436974789917
94982928	1761.131092436975
95072424	1761.5731092436974
95161938	1761.9823529411765
95251384	1762.4025210084035
95340905	1762.7588235294118
95430405	1763.1638655462184
95519915	1763.544537815126
95609367	1763.9260504201682
95698907	1764.355462184874
95788375	1764.698319327731
95877884	1765.1689075630252
95967344	1765.5067226890756
96056877	1765.853781512605
96146331	1766.1210084033614
96235864	1766.4521008403362
96325338	1766.8420168067225
96414840	1767.0638655462185
96504323	1767.3487394957983
96593833	1767.666386554622
96683301	1767.9546218487394
96772831	1768.2747899159663
96862288	1768.5016806722688
96951814	1768.763025210084
97041296	1768.9966386554624
97130794	1769.1915966386557
97220281	1769.5100840336136
97309790	1769.7882352941174
97399271	1770.0697478991594
97488787	1770.2823529411764
97578259	1770.5033613445378
97667775	1770.7142857142858
97757246	1770.9126050420168
97846756	1771.0773109243696
97936241	1771.2991596638656
98025754	1771.6344537815125
98115230	1771.9495798319326
98204746	1772.0848739495798
98294211	1772.229411764706
98383748	1772.3823529411766
98473209	1772.5899159663866
98562742	1772.8344537815124
98652205	1773.0327731092439
98741723	1773.1941176470589
98831188	1773.427731092437
98920709	1773.586554621849
99010183	1773.7319327731093
99099695	1773.8756302521008
99189176	1774.0294117647056
99278717	1774.1806722689078
99368159	1774.4344537815127
99457683	1774.6680672268908
99547162	1774.829411764706
99636674	1774.9974789915966
99726128	1775.147899159664
99815654	1775.272268907563
99905115	1775.4932773109244
99994654	1775.7428571428572
100084108	1775.8966386554623
100173648	1776.046218487395
100263096	1776.2394957983192
100353176	1776.4210084033612
100442094	1776.5260504201678
100533188	1776.6344537815128
100621069	1776.7478991596638
100710577	1776.987394957983
100800074	1777.2084033613446
100889560	1777.3378151260506
100979051	1777.518487394958
101068553	1777.7092436974792
101158043	1777.814285714286
101247533	1777.978151260504
101337045	1778.1571428571428
101426538	1778.3310924369748
101516033	1778.4495798319329
101605514	1778.5865546218488
101695006	1778.7142857142858
101784503	1778.8806722689076
101873989	1779.0100840336133
101963503	1779.1680672268908
102052982	1779.3764705882354
102142484	1779.4823529411763
102231961	1779.6319327731094
102321492	1779.766386554622
102410954	1779.8823529411764
102500467	1780.003361344538
102589930	1780.155462184874
102679466	1780.2588235294115
102768927	1780.416806722689
102858447	1780.5168067226891
102947918	1780.6588235294116
103037435	1780.7596638655461
103126907	1780.8899159663865
103216415	1781.0420168067228
103305881	1781.175630252101
103395403	1781.2142857142858
103484859	1781.2991596638656
103574380	1781.4882352941177
103663844	1781.6310924369748
103753359	1781.7386554621846
103842825	1781.8285714285716
103932352	1781.9453781512605
104021816	1782.1336134453782
104111336	1782.2344537815125
104200806	1782.2899159663868
104290321	1782.3579831932773
104379794	1782.4957983193278
104469301	1782.5579831932776
104558775	1782.7
104648286	1782.7949579831932
104737768	1782.973949579832
104827281	1783.0344537815129
104916753	1783.059663865546
105006270	1783.1596638655462
105095722	1783.2848739495798
105185257	1783.3319327731092
105274711	1783.4731092436975
105364245	1783.5890756302522
105453718	1783.6100840336135
105543204	1783.727731092437
105632700	1783.8000000000002
105722202	1783.8865546218485
105811678	1783.9201680672268
105901188	1784.0521008403362
105990662	1784.1571428571428
106080184	1784.2647058823532
106169659	1784.3579831932773
106259175	1784.436974789916
106348643	1784.4840336134455
106438158	1784.640336134454
106527644	1784.7285714285717
106617171	1784.7899159663866
106706634	1784.8453781512605
106796153	1784.9563025210084
106885614	1785.0394957983194
106975135	1785.1159663865546
107064613	1785.2974789915966
107154145	1785.3319327731094
107243594	1785.3504201680673
107333099	1785.3974789915967
107422585	1785.5268907563027
107512095	1785.6117647058825
107601561	1785.6689075630252
107691089	1785.8058823529411
107780560	1785.9067226890754
107870071	1785.8907563025211
107959528	1785.957142857143
108049051	1786.0806722689076
108138508	1786.090756302521
108228043	1786.232773109244
108317482	1786.279831932773
108408107	1786.2840336134452
108496469	1786.327731092437
108587644	1786.3915966386555
108984446	1786.594117647059
109073919	1786.6621848739496
109163434	1786.7134453781512
109252929	1786.7882352941174
109342426	1786.829411764706
109431932	1786.9016806722689
109521444	1787.003361344538
109610924	1787.0621848739495
109700432	1787.0470588235294
109789924	1787.0420168067226
109879446	1787.1210084033614
109968920	1787.2344537815127
110058429	1787.2100840336136
110147903	1787.2344537815127
110237437	1787.3268907563024
110326906	1787.3949579831933
110416429	1787.421848739496
110505891	1787.5403361344536
110595418	1787.6563025210085
110684900	1787.5747899159664
110774404	1787.5210084033615
110863900	1787.6193277310924
110953418	1787.7394957983192
111042896	1787.7563025210084
111132411	1787.7420168067226
111221879	1787.835294117647
111311405	1787.9403361344537
111400886	1787.936974789916
111490388	1787.9823529411765
111579885	1788.036974789916
111669400	1788.0176470588235
111758881	1788.0092436974792
111848413	1788.0588235294117
111937873	1788.1243697478992
112027402	1788.2268907563023
112116865	1788.2428571428572
112206498	1788.1689075630252
112295863	1788.1983193277313
112385388	1788.2773109243699
112474858	1788.2966386554622
112564381	1788.320168067227
112653857	1788.338655462185
112743387	1788.31512605042
112832849	1788.4016806722689
112922382	1788.435294117647
113011839	1788.4882352941177
113101367	1788.5142857142857
113190836	1788.5151260504203
113280354	1788.4890756302523
113369825	1788.5218487394957
113459355	1788.5915966386556
113548806	1788.6252100840336
113638343	1788.594117647059
113727813	1788.603361344538
113817325	1788.6495798319327
113906792	1788.7008403361347
113996306	1788.8151260504203
114085786	1788.8579831932773
114175294	1788.757142857143
114264743	1788.7647058823532
114354250	1788.8310924369746
114443758	1788.8983193277313
114533248	1788.9966386554622
114622716	1789.0100840336136
114712223	1788.870588235294
114801697	1788.9310924369747
114891202	1788.978991596639
114980679	1789.0210084033613
115070215	1788.938655462185
115159678	1788.9655462184876
115249191	1789.0100840336136
115338653	1789.0949579831934
115428182	1789.1361344537816
115517638	1789.1789915966388
115608129	1789.1764705882351
115696631	1789.1159663865544
115787776	1789.1596638655462
115875617	1789.1915966386555
115965102	1789.2302521008405
116054604	1789.3025210084033
116144104	1789.1781512605041
116233600	1789.1915966386555
116323091	1789.2546218487396
116412585	1789.2756302521007
116502085	1789.2756302521007
116591569	1789.2739495798319
116681046	1789.318487394958
116770567	1789.3042016806723
116860073	1789.318487394958
116949555	1789.3655462184872
117039036	1789.4
117128533	1789.4605042016808
117218029	1789.470588235294
117307520	1789.4890756302523
117397019	1789.481512605042
117486500	1789.3991596638657
117576018	1789.3840336134456
117665479	1789.4714285714285
117755002	1789.49243697479
117844469	1789.4529411764706
117933984	1789.5000000000002
118023459	1789.581512605042
118112977	1789.5294117647059
118202438	1789.5235294117647
118291948	1789.5521008403362
118381427	1789.6100840336135
118470959	1789.570588235294
118560428	1789.501680672269
118649931	1789.5915966386556
118739418	1789.6268907563026
118828912	1789.6226890756302
118918374	1789.6008403361345
119007909	1789.6815126050421
119097374	1789.7991596638656
119186913	1789.7050420168066
119276374	1789.6781512605044
119365886	1789.7050420168066
119455353	1789.7394957983192
119544873	1789.752100840336
119634333	1789.7899159663866
119723859	1789.70756302521
119813321	1789.7033613445376
119902824	1789.742857142857
119992296	1789.7546218487396
120081803	1789.7605042016808
120171262	1789.7764705882353
120260784	1789.7941176470588
120350271	1789.7823529411764
120439772	1789.8504201680673
120529234	1789.79243697479
120618745	1789.7369747899158
120708228	1789.8134453781515
120797735	1789.8529411764707
120887203	1789.9033613445379
120976716	1789.9268907563026
121066188	1789.9789915966385
121155702	1789.9504201680675
121245168	1790.1117647058825
121334657	1790.6462184873951
121424166	1790.801680672269
121513660	1790.7042016806724
121603119	1790.68487394958
121692627	1790.6689075630254
121782100	1790.6966386554623
121871629	1790.6747899159661
121961088	1790.7058823529412
122050595	1790.7932773109244
122140050	1790.7932773109244
122229576	1790.8117647058823
122319136	1790.758823529412
122408569	1790.7302521008405
122498035	1790.6823529411763
122587541	1790.7512605042018
122677019	1790.779831932773
122766681	1790.7621848739498
122856003	1790.794117647059
122945490	1790.8588235294117
123034971	1790.8512605042015
123124470	1790.7638655462185
123214049	1790.7823529411764
123303450	1790.8084033613445
