32233749	1360.5882352941176
32323186	1360.4731092436975
32412598	1360.4966386554622
32502004	1360.5235294117647
32591437	1360.5168067226891
32680826	1360.535294117647
32770266	1360.5411764705884
32859672	1360.5226890756303
32949107	1360.544537815126
33038495	1360.5403361344538
33127930	1360.563025210084
33217331	1360.557142857143
33306774	1360.5621848739495
33396160	1360.553781512605
33485604	1360.5008403361346
33574985	1360.5378151260504
33664424	1360.5487394957984
33753834	1360.5302521008402
33843275	1360.4453781512607
33932659	1360.4731092436975
34022101	1360.47731092437
34111495	1360.4546218487396
34200947	1360.4243697478992
34290339	1360.4571428571428
34379773	1360.558823529412
34469176	1360.5697478991597
34558605	1360.5193277310925
34647988	1360.5563025210083
34737450	1360.5235294117647
34826846	1360.5747899159664
34916279	1360.4941176470588
35005678	1360.4638655462186
35095118	1360.5117647058823
35184524	1360.535294117647
35273956	1360.5285714285715
35363353	1360.5168067226891
35452818	1360.561344537815
35542201	1360.5941176470587
35631631	1360.5857142857142
35721032	1360.6588235294118
35810467	1360.5672268907563
35899870	1360.4831932773109
35989313	1360.5310924369749
36078690	1360.4915966386554
36168137	1360.4806722689075
36257535	1360.5857142857142
36346967	1361.1605042016806
36436360	1361.8773109243698
36525800	1362.547899159664
36615201	1363.4327731092437
36704635	1364.3470588235296
36794041	1365.3226890756303
36883473	1366.3075630252101
36972860	1367.3663865546218
37062294	1368.4277310924372
37151676	1369.6084033613447
37241138	1370.898319327731
37330518	1372.061344537815
37419972	1373.2268907563027
37509350	1374.605882352941
37598809	1376.0067226890758
37688202	1377.255462184874
37777644	1378.61512605042
37867015	1380.1092436974789
37956452	1381.5764705882352
38045863	1383.055462184874
38135579	1384.5764705882352
38224701	1386.0302521008402
38315755	1387.5529411764708
38403518	1389.2
38492948	1390.7252100840335
38582334	1392.2840336134454
38671767	1393.8882352941177
38761195	1395.7453781512604
38850601	1397.4210084033614
38940015	1398.852100840336
39029436	1400.529411764706
39118943	1402.3025210084033
39208247	1404.0647058823529
39297674	1405.6243697478992
39387095	1407.4478991596638
39476492	1409.1327731092438
39566045	1410.8294117647058
39655324	1412.7974789915968
39744753	1414.420168067227
39834155	1416.0764705882355
39923590	1417.9840336134455
40012977	1419.7302521008403
40102414	1421.4554621848738
40191795	1423.1915966386555
40281240	1424.9495798319329
40370628	1426.7899159663866
40460084	1428.6100840336135
40549455	1430.3420168067228
40638900	1432.2260504201681
40728263	1434.053781512605
40817700	1435.836974789916
40907083	1437.5915966386553
40996511	1439.335294117647
41085888	1441.242857142857
41175332	1443.0420168067228
41264724	1444.8436974789915
41354165	1446.6210084033614
41443543	1448.4941176470588
41532994	1450.3563025210085
41622388	1452.1033613445377
41711793	1453.833613445378
41801190	1455.764705882353
41890632	1457.5831932773108
41980027	1459.2714285714285
42069462	1461.3436974789915
42158852	1463.1470588235295
42248277	1464.8857142857144
42337676	1466.8008403361343
42427108	1468.7285714285715
42516503	1470.4915966386554
42605932	1472.4529411764706
42695334	1474.0873949579832
42784756	1476.20756302521
42874163	1478.0428571428572
42963592	1479.6100840336135
43052995	1481.6966386554623
43142414	1483.5327731092436
43231814	1485.2697478991597
43321269	1487.175630252101
43410664	1489.057142857143
43500090	1490.8142857142857
43589494	1492.7260504201681
43678909	1494.5966386554621
43768312	1496.3672268907562
43857758	1498.2016806722688
43947148	1500.1773109243697
44036587	1501.8201680672269
44125971	1503.7823529411764
44215413	1505.7403361344536
44304780	1507.4176470588236
44394241	1509.3403361344538
44483624	1511.0117647058823
44573040	1513.0655462184875
44662460	1514.7226890756303
44751902	1516.6714285714286
44841286	1518.4764705882353
44930748	1520.2134453781514
45020119	1522.141176470588
45110714	1523.9042016806723
45199033	1525.6
45288563	1527.583193277311
45377777	1529.372268907563
45467203	1531.1210084033614
45556641	1532.6579831932775
45646031	1534.546218487395
45735450	1536.4
45824857	1538.1235294117646
45914288	1539.8663865546218
46003692	1541.6352941176472
46093102	1543.310924369748
46182519	1545.2470588235294
46271915	1546.8243697478993
46361336	1548.4050420168069
46450733	1550.0176470588235
46540160	1552.0092436974792
46629561	1553.5075630252102
46718995	1555.4050420168066
46808382	1556.8957983193277
46897823	1558.6310924369748
46987204	1560.279831932773
47076636	1561.9689075630251
47166032	1563.6546218487395
47255472	1565.2268907563025
47344852	1566.7319327731093
47434290	1568.583193277311
47523689	1570.2226890756303
47613113	1571.6344537815125
47702505	1573.4352941176471
47791934	1575.1504201680673
47881307	1576.6915966386555
47970742	1578.18487394958
48060128	1579.7495798319328
48149572	1581.2840336134454
48238949	1582.8957983193277
48328375	1584.4176470588236
48417765	1585.9352941176471
48507182	1587.5033613445378
48596573	1588.9747899159665
48686006	1590.5974789915965
48775410	1592.2050420168066
48864845	1593.5529411764705
48954224	1595.0504201680671
49043666	1596.526050420168
49133064	1598.264705882353
49222493	1599.3025210084033
49311882	1601.1563025210085
49401328	1602.2495798319328
49490728	1603.757142857143
49580166	1605.2470588235294
49669550	1606.5655462184875
49758985	1607.8563025210083
49848385	1609.3655462184875
49937822	1610.5084033613446
50027213	1611.9747899159663
50116643	1613.326050420168
50206038	1614.6327731092438
50295488	1615.8058823529411
50384876	1616.9226890756302
50474314	1618.3285714285714
50563711	1619.4151260504202
50653160	1620.636974789916
50742526	1621.638655462185
50831973	1622.7915966386556
50921378	1623.8428571428572
51010794	1624.9621848739496
51100199	1626.0453781512604
51189634	1626.9176470588234
51279083	1627.929411764706
51368466	1629.0394957983194
51457848	1630.1840336134455
51547293	1631.0495798319328
51636696	1632.0067226890756
51726299	1632.944537815126
52124184	1636.7747899159663
52213575	1637.4840336134455
52303104	1638.3579831932773
52392413	1639.1957983193279
52481833	1639.90756302521
52571240	1640.675630252101
52660668	1641.473949579832
52750179	1642.1117647058825
52839499	1642.8310924369748
52928897	1643.4
53018355	1644.0394957983192
53107726	1644.7831932773108
53197185	1645.316806722689
53286565	1645.8789915966386
53376014	1646.5058823529412
53465393	1647.018487394958
53554840	1647.446218487395
53644232	1648.0252100840337
53733669	1648.4789915966387
53823055	1648.8075630252101
53912513	1649.1142857142856
54001886	1649.4983193277312
54091323	1649.853781512605
54180713	1650.0588235294117
54270150	1650.2218487394957
54359543	1650.457142857143
54448988	1650.6697478991598
54538380	1650.7411764705882
54627831	1650.9705882352941
54717218	1651.19243697479
54806651	1651.363025210084
54896057	1651.5798319327732
54985485	1651.8798319327732
55074872	1652.1159663865546
55164314	1652.1394957983193
55253701	1652.4546218487396
55343154	1652.716806722689
55432556	1652.8428571428572
55521983	1653.0865546218488
55611374	1653.270588235294
55700808	1653.4
55790231	1653.5394957983194
55879643	1653.6420168067227
55969045	1653.8344537815128
56058484	1654.081512605042
56147903	1654.2974789915968
56237333	1654.3840336134456
56326731	1654.5487394957984
56416168	1654.7798319327733
56505561	1654.9403361344537
56595002	1655.0823529411764
56684393	1655.1806722689075
56773828	1655.2882352941176
56863221	1655.3781512605044
56952672	1655.5840336134454
57042058	1655.7915966386556
57131504	1655.9571428571428
57220895	1656.0495798319328
57310330	1656.1176470588234
57399717	1656.1504201680673
57489165	1656.2285714285715
57578561	1656.4210084033614
57667993	1656.6025210084033
57757374	1656.7453781512606
57846819	1656.8579831932773
57936211	1656.8899159663865
58025668	1656.9243697478992
58115045	1657.079831932773
58205666	1657.1142857142856
58293873	1657.264705882353
58383461	1657.3504201680673
58472701	1657.4134453781512
58562118	1657.4932773109242
58651541	1657.524369747899
58740951	1657.5647058823529
59228007	1657.883193277311
59317412	1657.953781512605
59804569	1658.1915966386555
59894001	1658.2915966386554
59983447	1658.326050420168
60072837	1658.1991596638657
60162261	1658.257142857143
60251650	1658.4285714285713
60341093	1658.3655462184875
60430574	1658.264705882353
60519947	1658.4151260504202
60609325	1658.5672268907563
60698776	1658.6689075630252
60788180	1658.5302521008405
60877620	1658.5621848739497
60967015	1658.6714285714286
61056440	1658.7058823529412
61145833	1658.7756302521009
61235286	1658.8579831932773
61324681	1658.847899159664
61414124	1658.8974789915967
61503526	1658.8411764705882
61592952	1658.7319327731093
61682351	1658.770588235294
61771790	1658.8899159663865
61861188	1658.8890756302521
61950640	1658.8999999999999
62040029	1658.8806722689076
62129478	1658.8899159663865
62218887	1658.9159663865546
62308316	1658.8974789915967
62397705	1658.9100840336134
62487153	1658.8789915966388
62576552	1658.8159663865547
62665991	1658.8210084033615
62755392	1658.7789915966387
62844831	1658.829411764706
62934225	1658.8873949579831
63023666	1658.8680672268908
63113061	1658.8873949579831
63202498	1658.8445378151262
63291889	1658.8689075630252
63381349	1658.8823529411764
63470717	1658.8924369747901
63560647	1658.9210084033614
63649571	1658.955462184874
63740208	1658.9344537815127
63828392	1658.8621848739497
63917828	1658.8756302521008
64007247	1658.8823529411764
64096645	1658.963025210084
64186060	1658.8521008403363
64275479	1658.8025210084033
64364905	1658.847899159664
64454315	1658.9126050420168
64543742	1658.9218487394958
64633143	1658.9100840336134
64722583	1658.9579831932774
64811996	1658.9176470588236
64901402	1658.931932773109
64990833	1658.9470588235295
65080224	1658.8823529411764
65169671	1658.9210084033614
65259066	1658.9058823529413
65348490	1658.8655462184875
65437896	1658.829411764706
65527336	1658.8546218487395
65616715	1658.918487394958
65706170	1658.944537815126
65795574	1658.9478991596638
65885026	1658.9521008403362
65974390	1658.910924369748
66063845	1658.8495798319327
66153239	1658.8949579831933
66242683	1658.8756302521008
66332064	1659.0420168067228
66421510	1659.0470588235296
66510991	1658.9764705882353
66600339	1658.9899159663867
66689715	1658.9394957983193
66779172	1658.929411764706
66868570	1658.9268907563026
66958147	1658.894117647059
67356209	1658.9478991596638
67445620	1659
67932822	1658.9588235294118
68022225	1659.0050420168066
68111659	1658.9840336134455
68201043	1658.938655462185
68290494	1658.9310924369747
68379898	1658.9428571428573
68469340	1658.9058823529413
68558788	1658.929411764706
68648173	1659.0058823529412
68737558	1658.9789915966387
68827012	1658.881512605042
68916415	1658.9268907563026
69005839	1658.9915966386554
69095233	1659.0033613445378
69185588	1658.9260504201682
69274058	1659.0134453781513
69365132	1658.9310924369747
69452893	1658.9521008403362
69542293	1658.9310924369747
69631709	1658.9504201680672
69721131	1659.0235294117647
69810538	1658.9731092436975
69899942	1659.0050420168066
69989357	1659.0176470588235
70078769	1659.0361344537814
70168181	1659.0403361344538
70257585	1659.0319327731092
70347002	1659.0529411764705
70436427	1659.0378151260506
70525826	1658.9613445378152
70615265	1659.010924369748
70704664	1659.0848739495798
70794087	1659.020168067227
70883487	1658.9966386554622
70972928	1658.910924369748
71062328	1658.9714285714285
71151771	1659.0310924369749
71241158	1659.0453781512604
71330601	1659.047899159664
71419970	1659.044537815126
71509404	1659.0126050420167
71598806	1658.9823529411765
71688237	1658.9605042016808
71777649	1658.9420168067227
71867094	1658.90756302521
71956475	1658.8999999999999
72045898	1658.8966386554623
72135298	1658.966386554622
72224745	1659.0058823529412
72314129	1658.957142857143
72403582	1658.9974789915968
72492967	1659.0420168067228
72582389	1658.936974789916
72671789	1658.9285714285716
72761231	1659.0310924369749
72850626	1659.0714285714287
72940071	1659.0714285714287
73029439	1659.0546218487395
73118887	1659.10756302521
73208267	1659.047899159664
73297718	1658.9949579831932
73387114	1659.0126050420167
73476565	1658.9638655462184
73565944	1659.0420168067228
73655390	1659.0310924369749
73744770	1659.0033613445378
73834225	1658.938655462185
73923612	1658.957142857143
74013059	1658.9941176470588
74102426	1658.9899159663867

