35342201	1361.5495798319328
35431498	1361.6344537815125
35520847	1361.555462184874
35610233	1361.5
35699590	1361.5579831932773
35788941	1361.6243697478992
35878314	1361.6126050420169
35967691	1361.5084033613446
36057066	1361.5235294117647
36146413	1361.5084033613446
36235811	1361.4974789915966
36325148	1361.5016806722688
36414540	1361.5176470588235
36503871	1361.5663865546219
36593276	1361.5319327731092
36682623	1361.455462184874
36772021	1361.4991596638656
36861353	1361.4621848739496
36950728	1361.436974789916
37040081	1361.5184873949581
37129460	1361.5151260504201
37218825	1361.5689075630253
37308170	1361.5294117647059
37397551	1361.5025210084034
37486915	1361.5159663865545
37576290	1361.4949579831934
37665685	1361.5789915966386
37755021	1361.5579831932773
37844407	1361.5361344537816
37933745	1361.5504201680671
38023122	1361.524369747899
38112488	1361.475630252101
38201872	1361.503361344538
38291197	1361.5210084033613
38380614	1361.4949579831934
38469941	1361.4899159663867
38559344	1361.5025210084034
38648688	1361.5966386554621
38738074	1361.581512605042
38827401	1361.5655462184873
38916803	1361.5789915966386
39006141	1361.5504201680671
39095530	1361.4764705882353
39184877	1361.4991596638656
39274270	1361.5058823529412
39363598	1361.533613445378
39453000	1361.5663865546219
39542354	1361.5016806722688
39631745	1361.4899159663867
39721058	1361.5521008403362
39810471	1361.640336134454
39899804	1362.0050420168068
39989192	1362.5008403361344
40078614	1362.9352941176471
40167934	1363.7781512605043
40257263	1364.8899159663865
40346668	1366.1697478991596
40436008	1367.5142857142857
40525407	1368.9210084033614
40614745	1370.347899159664
40704128	1371.718487394958
40793474	1373.1361344537816
40882870	1374.5840336134454
40972210	1376.0588235294117
41062646	1377.5789915966386
41150930	1379.1319327731092
41241955	1380.6319327731092
41329665	1382.0941176470587
41419053	1383.6563025210085
41508423	1385.3067226890757
41597774	1386.89243697479
41687149	1388.510924369748
41776514	1390.2084033613446
41865882	1391.9134453781512
41955235	1393.5663865546219
42044625	1395.310924369748
42133979	1397.0672268907563
42223347	1398.8302521008404
42312710	1400.7420168067226
42402071	1402.5596638655463
42491453	1404.3588235294117
42580806	1406.0966386554624
42670189	1407.8705882352942
42759543	1409.8050420168067
42848896	1411.709243697479
42938284	1413.5848739495798
43027659	1415.4638655462186
43117015	1417.4025210084035
43206400	1419.3033613445377
43295735	1421.2974789915968
43385125	1423.3327731092438
43474472	1425.2621848739495
43563883	1427.3252100840336
43653205	1429.2882352941176
43742587	1431.2672268907563
43831918	1433.2823529411764
43921311	1435.3596638655463
44010666	1437.398319327731
44100050	1439.453781512605
44189388	1441.4126050420168
44278773	1443.4974789915966
44368115	1445.5857142857144
44457506	1447.6411764705883
44546836	1449.7302521008405
44636250	1451.8789915966388
44725583	1453.861344537815
44814971	1455.9546218487396
44904309	1458.0193277310923
44993699	1460.1857142857143
45083044	1462.2789915966387
45172437	1464.3941176470587
45261866	1466.4731092436975
45351172	1468.5420168067228
45440493	1470.6327731092438
45529903	1472.772268907563
45619225	1474.890756302521
45708620	1477.0899159663866
45797960	1479.2621848739495
45887336	1481.3840336134454
45976688	1483.594117647059
46066083	1485.735294117647
46155426	1487.8067226890757
46244818	1489.989075630252
46334166	1492.110924369748
46423562	1494.3285714285714
46512890	1496.489075630252
46602299	1498.4781512605043
46691633	1500.6554621848738
46781017	1502.7714285714285
46870357	1505.0235294117647
46959752	1507.1941176470589
47049090	1509.3193277310925
47138494	1511.4596638655462
47227813	1513.7168067226892
47317669	1515.861344537815
47406565	1518.018487394958
47497619	461.9923529411765
47893367	1529.8336134453782
47982722	1531.9873949579833
48072102	1534.0714285714287
48161464	1536.440336134454
48250846	1538.429411764706
48340198	1540.652100840336
48429595	1542.8882352941177
48518929	1545.0470588235294
48608334	1547.2773109243697
48697680	1549.2689075630253
48787067	1551.39243697479
48876411	1553.5605042016807
48965787	1555.5756302521008
49055155	1557.7563025210084
49144539	1559.9134453781512
49233867	1561.9134453781512
49323258	1564.181512605042
49412608	1566.118487394958
49502023	1568.279831932773
49591347	1570.2983193277312
49680755	1572.5142857142857
49770080	1574.473949579832
49859454	1576.5025210084034
49948820	1578.352100840336
50038191	1580.4949579831932
50127544	1582.6050420168067
50216925	1584.5428571428572
50306270	1586.357142857143
50395662	1588.5226890756303
50484997	1590.601680672269
50574539	1592.1394957983193
50663735	1594.1310924369748
50753133	1596.0277310924369
50842477	1598.0084033613446
50931855	1599.9075630252103
51021209	1601.6991596638654
51110610	1603.561344537815
51199932	1605.2890756302522
51289328	1607.0100840336136
51378680	1608.8151260504203
51468069	1610.3075630252101
51557401	1612.0210084033615
51646804	1613.9016806722689
51736132	1615.363025210084
51825519	1616.9218487394958
51914859	1618.5294117647059
52004265	1619.894117647059
52093589	1621.3579831932773
52182989	1622.9268907563026
52272322	1624.221848739496
52361708	1625.5823529411764
52451063	1627.1915966386555
52540440	1628.3084033613445
52629791	1629.175630252101
52719171	1630.383193277311
52808507	1631.5932773109243
52897907	1632.683193277311
52987241	1633.7268907563025
53077757	1634.5008403361346
53165961	1635.3420168067228
53255490	1636.279831932773
53344693	1636.9638655462186
53434034	1637.9436974789917
53523410	1638.6
53612785	1639.2621848739495
53702131	1639.9705882352941
53791516	1640.5529411764705
53880888	1641.1974789915967
53970245	1641.8579831932773
54059598	1642.2966386554622
54148975	1642.7142857142858
54238314	1643.2411764705882
54327691	1643.6571428571428
54417036	1643.9310924369747
54506420	1644.2655462184873
54595785	1644.6352941176472
54685175	1644.9932773109242
54774495	1645.1386554621847
54863891	1645.4890756302523
54953230	1645.7806722689077
55042612	1646.0319327731092
55131971	1646.1571428571428
55221345	1646.3184873949579
55310685	1646.618487394958
55400079	1646.772268907563
55489414	1646.847899159664
55578801	1646.9773109243697
55668150	1647.1571428571428
55757532	1647.2478991596638
55846858	1647.2873949579832
55936253	1647.489075630252
56025614	1647.5218487394957
56114989	1647.5487394957984
56204339	1647.7117647058824
56293727	1647.7840336134454
56383053	1647.8310924369748
56472459	1647.909243697479
56561795	1648.0226890756303
56651176	1648.0067226890756
56740519	1648.044537815126
56829909	1648.1235294117648
56919241	1648.2504201680672
57008627	1648.2596638655464
57097973	1648.3000000000002
57187361	1648.39243697479
57276708	1648.444537815126
57366098	1648.5151260504201
57455438	1648.5848739495798
57544811	1648.5151260504201
57634165	1648.5848739495798
57723561	1648.6546218487395
57812899	1648.7756302521009
57902288	1648.8176470588237
57991625	1648.9563025210084
58081012	1649.0428571428572
58170348	1649.0075630252102
58259745	1648.9823529411765
58349082	1649.0655462184873
58438481	1649.0319327731092
58527828	1649.09243697479
58617217	1649.063025210084
58706558	1649.0773109243698
58795937	1649.1420168067227
58885281	1649.2403361344539
58974671	1649.1823529411765
59064006	1649.2193277310923
59153387	1649.3084033613445
59242736	1649.2899159663866
59332755	1649.2504201680672
59421469	1649.2420168067226
59512494	1654.820168067227
59908543	1649.5294117647059
59997897	1649.4621848739496
60087272	1649.4352941176471
60176639	1649.59243697479
60266038	1649.7176470588236
60355368	1649.816806722689
60444761	1649.9016806722689
60534114	1650.120168067227
60623508	1650.1941176470589
60712845	1650.2680672268907
60802248	1650.2621848739495
60891577	1650.2588235294118
60980991	1650.3613445378153
61070417	1650.464705882353
61159716	1650.4436974789917
61249058	1650.4100840336134
61338467	1650.396638655462
61427807	1650.3806722689076
61517190	1650.4008403361345
61606558	1650.4672268907564
61695940	1650.3747899159664
61785278	1650.4352941176471
61874670	1650.4470588235295
61964016	1650.4117647058824
62053413	1650.4378151260505
62142774	1650.353781512605
62232155	1650.4142857142856
62321495	1650.394117647059
62410907	1650.372268907563
62500237	1650.4042016806723
62589641	1650.4226890756302
62678981	1650.4546218487394
62768371	1650.4915966386554
62857715	1650.4882352941177
62947119	1650.4050420168066
63036451	1650.381512605042
63125845	1650.4361344537815
63215191	1650.4008403361345
63304596	1650.3705882352942
63393948	1650.4411764705883
63483327	1650.4621848739496
63572683	1650.3798319327732
63662078	1650.3621848739497
63751407	1650.481512605042
63840801	1650.4806722689075
63930135	1650.4352941176471
64019526	1650.4327731092437
64108886	1650.4512605042016
64198262	1650.4563025210084
64287618	1650.4470588235295
64377006	1650.444537815126
64466347	1650.475630252101
64555749	1650.4680672268908
64645092	1650.4563025210084
64734464	1650.4512605042016
64823811	1650.438655462185
64913202	1650.4168067226892
65002555	1650.4193277310924
65092854	1650.4117647058824
65181288	1650.4865546218487
65272303	1650.555462184874
65668606	1650.3731092436974
65757957	1650.3613445378153
65847343	1650.4680672268908
65936676	1650.509243697479
66026082	1650.4226890756302
66115423	1650.4327731092437
66204809	1650.5
66294165	1650.4462184873948
66383556	1650.4142857142856
66472893	1650.4310924369747
66562293	1650.4117647058824
66651608	1650.4310924369747
66741010	1650.4420168067227
66830423	1650.4588235294118
66919734	1650.4882352941177
67009063	1650.5210084033613
67098462	1650.4672268907564
67187804	1650.4705882352941
67277184	1650.427731092437
67366525	1650.4546218487394
67455921	1650.4042016806723
67545270	1650.353781512605
67634652	1650.363025210084
67724004	1650.4260504201682
67813392	1650.4151260504202
67902728	1650.4050420168066
67992111	1650.4957983193276
68081459	1650.4126050420168
68170843	1650.4260504201682
68260174	1650.4462184873948
68349575	1650.4361344537815
68438906	1650.4285714285713
68528301	1650.4067226890757

